1668949170850168832.000000 -0.002032366 -0.003727534 0.016396122 -0.005153009 0.014264567 -0.005276529 0.999871075
1668949170950425088.000000 -0.003972129 -0.005792205 0.031565122 0.008132297 0.013723329 -0.010573711 0.999816835
1668949171050369024.000000 -0.000216212 -0.004306628 0.053524606 -0.000724897 0.020882852 -0.010816995 0.999723196
1668949171150345472.000000 0.000938416 -0.002747467 0.075663514 -0.000067340 0.019971585 -0.011512611 0.999734282
1668949171250163968.000000 0.010851834 -0.000733336 0.105767608 0.002807254 0.025989814 -0.004423039 0.999648511
1668949171350189568.000000 0.017985858 0.008359915 0.157245889 0.008763506 0.034698661 0.001372849 0.999358475
1668949171450427648.000000 0.028099773 0.005382442 0.169364363 0.000011018 0.027232528 -0.003357948 0.999623537
1668949171550381824.000000 0.039427452 -0.001455330 0.215699807 -0.000957085 0.018662896 -0.005550386 0.999809980
1668949171650176512.000000 0.035765268 0.005996672 0.231727391 -0.007785971 0.012234290 -0.009978785 0.999845088
1668949171750213120.000000 0.038112007 0.008800609 0.277428061 -0.005446600 0.011544253 -0.008958468 0.999878466
1668949171850369792.000000 0.035513718 0.011254616 0.302761555 0.000913621 0.013436444 -0.005700527 0.999893069
1668949171950458880.000000 0.035790049 0.015353080 0.356694728 0.008368791 0.021197580 -0.008236206 0.999706388
1668949172050187008.000000 0.034691852 0.015241650 0.392924368 -0.004491591 0.034287278 -0.000374118 0.999401927
1668949172150156544.000000 0.027560357 0.011013312 0.439193726 -0.000542825 0.037129320 0.002472900 0.999307275
1668949172250464000.000000 0.032144025 0.011868539 0.473489821 0.000710481 0.042596862 0.006988833 0.999067664
1668949172350398976.000000 0.034611177 0.013552679 0.523342848 0.002607671 0.044463132 0.011347961 0.998943210
1668949172450185728.000000 0.037677005 0.019697249 0.559455931 0.002276844 0.044326525 0.007121015 0.998989105
1668949172550232064.000000 0.042971961 0.026296176 0.611013949 0.002969079 0.042614184 0.003626657 0.999080598
1668949172651566080.000000 0.053477515 0.030011622 0.655027092 -0.003270996 0.042388294 0.001942720 0.999093950
1668949172752865536.000000 0.058523785 0.027839217 0.700544953 0.000926516 0.031154573 0.000755209 0.999513865
1668949172852434688.000000 0.060309820 0.026735082 0.743471205 -0.000150079 0.017914994 -0.012145420 0.999765754
1668949172952534528.000000 0.060667567 0.024467930 0.786028147 0.003579188 0.010681382 -0.015520181 0.999816120
1668949173052626944.000000 0.061912954 0.030612627 0.827356339 0.011640784 0.006317626 -0.024680328 0.999607682
1668949173152601600.000000 0.062714607 0.034646209 0.873984337 0.013550772 0.012712765 -0.028036756 0.999434233
1668949173250187520.000000 0.060187522 0.033696376 0.917902589 0.000817970 0.026828028 -0.016396446 0.999505281
1668949173350478848.000000 0.059872475 0.031227674 0.958158910 0.014799961 0.025501778 -0.017184760 0.999417484
1668949173450423296.000000 0.065193325 0.035618216 1.005078554 0.008528941 0.043023899 -0.011897415 0.998966813
1668949173550539520.000000 0.070646837 0.037949957 1.045523286 0.001216195 0.047280166 -0.006202491 0.998861670
1668949173650068992.000000 0.080639362 0.047207437 1.089359522 0.000868538 0.049797699 -0.012469599 0.998681128
1668949173750323456.000000 0.091143422 0.054980632 1.138597012 0.002290454 0.052319724 -0.009680746 0.998580873
1668949173850411264.000000 0.099353991 0.056148425 1.185524464 -0.002843355 0.042229090 -0.008524619 0.999067545
1668949173950646272.000000 0.097656630 0.052238282 1.229072213 -0.000132449 0.025829477 -0.013961974 0.999568880
1668949174050222848.000000 0.100183710 0.051483851 1.270103455 -0.008222221 0.014091589 -0.018997144 0.999686420
1668949174150295040.000000 0.099669956 0.054252032 1.314258695 -0.001132480 0.002621928 -0.020974148 0.999775946
1668949174250368768.000000 0.100854717 0.060695242 1.362374544 0.005980688 0.005144969 -0.025614405 0.999640822
1668949174350401024.000000 0.099204667 0.064139821 1.409267426 0.013882886 0.018265704 -0.024152223 0.999445021
1668949174450191616.000000 0.099476464 0.063870355 1.459270239 0.006161280 0.032867089 -0.022323135 0.999191403
1668949174550006272.000000 0.095845036 0.059290137 1.503823519 0.007196744 0.046342060 -0.017622303 0.998744249
1668949174650446848.000000 0.100501388 0.062119968 1.550028682 -0.004889242 0.047899686 -0.010057813 0.998789549
1668949174750458112.000000 0.101204850 0.065732382 1.592796326 0.002622226 0.053848222 -0.004111684 0.998537242
1668949174850161664.000000 0.104888685 0.073219009 1.641802311 0.011339657 0.052061774 -0.007913725 0.998548210
1668949174950346240.000000 0.105813660 0.072497956 1.687424421 0.018578807 0.039772317 -0.011306777 0.998972058
1668949175050408960.000000 0.117001355 0.077553548 1.742817402 0.010010269 0.030636437 -0.013632514 0.999387503
1668949175150392064.000000 0.118259899 0.075466305 1.786152840 0.013458028 0.016374584 -0.015951281 0.999648094
1668949175250344704.000000 0.121212088 0.078064121 1.838595748 0.006888940 0.006170671 -0.016472327 0.999821544
1668949175350390784.000000 0.119409099 0.083717696 1.880903602 0.005421370 -0.001803102 -0.016323574 0.999850512
1668949175450415872.000000 0.118730403 0.086580016 1.926340461 0.007322976 0.002362776 -0.023783615 0.999687493
1668949175550454016.000000 0.118411206 0.090992481 1.978618145 0.012447976 0.015755538 -0.025292497 0.999478459
1668949175650320896.000000 0.122202076 0.095161088 2.036700249 -0.006350621 0.020068999 -0.015220239 0.999662638
1668949175750393088.000000 0.125520661 0.092401639 2.076021910 -0.009167221 0.029138954 -0.011951022 0.999461889
1668949175850515968.000000 0.125454500 0.096916892 2.109795809 -0.010481413 0.035116334 -0.007445862 0.999300539
1668949175950489856.000000 0.130193353 0.098463908 2.156380653 0.000832414 0.037462600 -0.006363630 0.999277472
1668949176050355456.000000 0.134650961 0.104303971 2.206272840 0.008205190 0.034255374 -0.008286858 0.999345124
1668949176150212608.000000 0.143232986 0.110559903 2.263325214 0.015852312 0.019940663 -0.018472277 0.999504805
1668949176250349824.000000 0.142071649 0.108044446 2.298889399 0.014099799 0.004646772 -0.018182011 0.999724507
1668949176350161920.000000 0.147615179 0.105578326 2.354507208 0.010675995 -0.011662708 -0.025845824 0.999540865
1668949176450342144.000000 0.146658614 0.103907727 2.397344351 0.004642573 -0.017434264 -0.021419119 0.999607861
1668949176550272000.000000 0.149557099 0.106867731 2.446669340 0.007901912 -0.017968489 -0.025213186 0.999489367
1668949176650281472.000000 0.146053046 0.117473014 2.483838320 0.014089033 -0.004718385 -0.025947873 0.999552906
1668949176750561536.000000 0.152525038 0.122809872 2.542276382 0.006977572 0.008682390 -0.025272550 0.999618590
1668949176850137856.000000 0.142968833 0.119704627 2.577763319 -0.004243535 0.016767463 -0.009359476 0.999806643
1668949176950772736.000000 0.146279827 0.121103466 2.627233028 -0.012443084 0.025866492 -0.008484366 0.999552011
1668949177050342144.000000 0.148705289 0.124943592 2.662816286 -0.018316485 0.027615378 -0.008004214 0.999418736
1668949177150593536.000000 0.152220100 0.129934072 2.709409952 -0.010269079 0.028283169 -0.018617172 0.999373794
1668949177250306304.000000 0.161142617 0.135584235 2.758428574 -0.005331031 0.025484625 -0.025388993 0.999338567
1668949177350321152.000000 0.170484200 0.136326149 2.808892488 0.000591240 0.019954372 -0.020897722 0.999582350
1668949177450564864.000000 0.169486478 0.134647578 2.853796244 -0.000424087 0.008837072 -0.014475235 0.999856114
1668949177550414848.000000 0.171500817 0.131124452 2.887465477 -0.004544617 -0.000321431 -0.025856992 0.999655306
1668949177650338816.000000 0.173727259 0.127737582 2.926657915 -0.001666885 -0.001905187 -0.029899495 0.999549747
1668949177750348288.000000 0.178948790 0.132436156 2.973140717 0.002642907 -0.000421309 -0.035546489 0.999364436
1668949177850307584.000000 0.177718267 0.138160244 3.020215034 0.009316615 0.010255939 -0.031831618 0.999397218
1668949177950541312.000000 0.174949512 0.142355055 3.068624020 0.009783001 0.022189951 -0.033980556 0.999128222
1668949178050887936.000000 0.175258368 0.139165059 3.102219820 0.005101910 0.036985565 -0.025749192 0.998970985
1668949178150403072.000000 0.181501314 0.141988575 3.150104523 -0.004311523 0.048969585 -0.023224134 0.998520911
1668949178252100864.000000 0.178909481 0.142549768 3.189722776 -0.010446167 0.051696382 -0.013909900 0.998511374
1668949178352692480.000000 0.181197524 0.151056841 3.238362789 -0.006534167 0.056906063 -0.015388556 0.998239577
1668949178452526848.000000 0.186829820 0.158980042 3.277233601 -0.008962892 0.050170191 -0.018901786 0.998521566
1668949178552582144.000000 0.194696531 0.163129970 3.324009657 0.000326149 0.045572206 -0.022196559 0.998714387
1668949178652458752.000000 0.200952992 0.157844603 3.369888306 0.005656514 0.040053658 -0.020802002 0.998964965
1668949178752699648.000000 0.201489180 0.156659409 3.420678377 0.008957746 0.026493041 -0.034721978 0.999005616
1668949178852201472.000000 0.202271342 0.153281525 3.460118294 0.006287862 0.015521707 -0.039370164 0.999084353
1668949178952601856.000000 0.202569544 0.161018699 3.495239258 0.013435854 0.005344775 -0.050825570 0.998602867
1668949179051894784.000000 0.202099174 0.169520766 3.539435863 0.015864555 0.012083652 -0.047812857 0.998657286
1668949179152551168.000000 0.196874216 0.172164276 3.585393190 0.020465199 0.028397474 -0.044093378 0.998414040
1668949179252525312.000000 0.200826854 0.172016948 3.627738237 0.003622241 0.042976148 -0.044721350 0.998068094
1668949179352621056.000000 0.205994293 0.167203650 3.675934076 0.004202491 0.056019779 -0.041083723 0.997575164
1668949179452364288.000000 0.205028996 0.167341590 3.710156918 -0.003296193 0.061539069 -0.028036138 0.997705400
1668949179552644608.000000 0.210290298 0.172772601 3.751561642 0.003458252 0.065815873 -0.021771373 0.997588277
1668949179652346368.000000 0.216736779 0.178828046 3.796821833 0.002719410 0.060342379 -0.023740010 0.997891724
1668949179752582144.000000 0.220718920 0.184932247 3.839376688 0.008429765 0.053091761 -0.024759740 0.998247087
1668949179852213504.000000 0.225315854 0.189379960 3.886013031 0.007253116 0.053555034 -0.024624946 0.998234928
1668949179953799936.000000 0.231128365 0.188077137 3.927212954 0.008823353 0.039345678 -0.027761556 0.998800993
1668949180052276736.000000 0.232011944 0.186902091 3.967587233 0.003375516 0.023053739 -0.034354344 0.999138117
1668949180152611584.000000 0.230931267 0.187303841 4.007208347 0.003546183 0.014368346 -0.035183713 0.999271274
1668949180252274176.000000 0.236326277 0.191867724 4.052546024 0.006594387 0.010605828 -0.038963396 0.999162614
1668949180352601600.000000 0.241086632 0.196561292 4.099700928 0.011097287 0.017229153 -0.035754927 0.999150455
1668949180452247808.000000 0.244002372 0.200762421 4.150817871 0.012352902 0.032682780 -0.035529591 0.998757720
1668949180552814080.000000 0.238473222 0.194405153 4.194234848 0.003492192 0.048254400 -0.021831397 0.998590350
1668949180652264192.000000 0.244847029 0.198218286 4.235851288 0.003602604 0.056641933 -0.020765550 0.998172104
1668949180752630528.000000 0.244429931 0.202933595 4.279456139 -0.004267848 0.057079580 -0.010853141 0.998301566
1668949180851897344.000000 0.251212120 0.208135828 4.321797371 -0.009802599 0.066409141 -0.017367413 0.997593224
1668949180952742144.000000 0.258635074 0.216650710 4.368818283 -0.003319161 0.070606686 -0.021079183 0.997276008
1668949181052325120.000000 0.262935430 0.216136783 4.417932510 -0.002526760 0.062940583 -0.021811496 0.997775793
1668949181152636416.000000 0.271994948 0.215178207 4.465515137 -0.000554773 0.039750747 -0.023027180 0.998944104
1668949181252362240.000000 0.270865619 0.213725567 4.511686802 0.001923104 0.023154447 -0.031980142 0.999218404
1668949181352659456.000000 0.267556071 0.218354464 4.552455902 -0.005854875 0.003811751 -0.032044146 0.999462068
1668949181451428864.000000 0.268022418 0.224220753 4.595476627 -0.000642456 -0.002727593 -0.037116688 0.999307036
1668949181552574208.000000 0.268935740 0.230863705 4.645439625 0.004951379 0.006095859 -0.029136907 0.999544621
1668949181652265216.000000 0.267621279 0.232860610 4.703007698 -0.003948105 0.019963298 -0.032038543 0.999279499
1668949181752710912.000000 0.266641319 0.227960795 4.751482964 -0.000625483 0.033638626 -0.023650328 0.999154031
1668949181852373504.000000 0.271788687 0.226437569 4.798593044 -0.004316461 0.052340865 -0.013633030 0.998526931
1668949181953334528.000000 0.273702830 0.227441818 4.843925953 -0.004594702 0.064413913 -0.004664627 0.997901797
1668949182052369920.000000 0.278269738 0.234014735 4.886887550 -0.009019568 0.065627620 -0.005846133 0.997786343
1668949182152721152.000000 0.279203266 0.243084416 4.934218884 -0.008407071 0.060076803 -0.012577744 0.998079121
1668949182252454400.000000 0.287928909 0.248882145 4.996082783 -0.016750723 0.048946433 -0.021052420 0.998439014
1668949182352613376.000000 0.292622030 0.246622548 5.038636684 -0.019093111 0.038212772 -0.016565628 0.998949885
1668949182452368896.000000 0.288413823 0.245361179 5.078428745 -0.016918354 0.024144081 -0.019349761 0.999378085
1668949182552599552.000000 0.286679685 0.244923741 5.124149799 -0.006753009 0.012493390 -0.022839215 0.999638319
1668949182652362240.000000 0.286305815 0.248343661 5.170084000 0.000852396 0.014193455 -0.026338670 0.999552011
1668949182752617216.000000 0.284348428 0.253495812 5.228348732 0.014097800 0.031405888 -0.028125241 0.999011457
1668949182852832768.000000 0.286472559 0.248233691 5.282499790 0.001450472 0.049948756 -0.015354653 0.998632729
1668949182952714496.000000 0.288041651 0.244304746 5.329252720 0.009622586 0.057442293 -0.016758336 0.998161793
1668949183052694272.000000 0.291743755 0.244157583 5.370244980 0.003157971 0.056975123 -0.006273489 0.998350918
1668949183152653312.000000 0.293137282 0.248486519 5.413750172 0.007791596 0.058013085 -0.001179849 0.998284817
1668949183252315136.000000 0.296647519 0.254164696 5.460912228 0.012395852 0.045404628 -0.005703964 0.998875499
1668949183352625664.000000 0.303312331 0.259732932 5.508798599 0.012615084 0.035099946 -0.010059251 0.999253571
1668949183452597248.000000 0.312331200 0.256797850 5.550920486 0.004895261 0.023843460 -0.011220629 0.999640763
1668949183552627200.000000 0.311960846 0.253374636 5.593863487 0.014904409 0.008495734 -0.020182522 0.999649107
1668949183652829440.000000 0.314694047 0.253946990 5.632918835 0.012593130 -0.003900671 -0.018733246 0.999737620
1668949183752054016.000000 0.315127790 0.259992599 5.673108578 0.015616208 -0.006630934 -0.022529842 0.999602199
1668949183852682752.000000 0.314853460 0.267248034 5.719727039 0.011930287 0.007732290 -0.016039521 0.999770284
1668949183952652288.000000 0.314193964 0.272472084 5.765792847 0.012363635 0.025255548 -0.019850429 0.999407530
1668949184051937024.000000 0.313452035 0.270582765 5.810155392 0.002914074 0.032551609 -0.014571010 0.999359608
1668949184153206784.000000 0.313583761 0.266371399 5.854598522 0.012336791 0.038665317 -0.015186330 0.999060631
1668949184251690752.000000 0.316618621 0.265713871 5.895991802 0.004876425 0.047843110 -0.002500083 0.998839855
1668949184352723712.000000 0.317943037 0.268105358 5.937313080 0.010720926 0.055826459 0.000130447 0.998382926
1668949184452053248.000000 0.323109299 0.273662508 5.980217934 0.014733684 0.052327946 -0.006665342 0.998499036
1668949184553198848.000000 0.330686092 0.278185725 6.022798061 0.018166229 0.041871935 -0.013032739 0.998872817
1668949184652150272.000000 0.337889075 0.278359056 6.066541672 0.017772133 0.032895382 -0.018976603 0.999120593
1668949184752751872.000000 0.338360935 0.276278466 6.106103897 0.019344697 0.016122002 -0.024108289 0.999392152
1668949184852013824.000000 0.340233862 0.276420593 6.142715931 0.008951770 0.004176939 -0.028445810 0.999546528
1668949184952667648.000000 0.340902388 0.281425506 6.181899548 0.013822437 -0.002544455 -0.034112707 0.999319136
1668949185049211392.000000 0.343764156 0.288034081 6.223239422 0.014333924 0.003668001 -0.034385771 0.999299109
1668949185150459392.000000 0.341272205 0.291943878 6.266385078 0.015303565 0.017039357 -0.030109581 0.999284208
1668949185249101824.000000 0.342375726 0.290363401 6.306483269 0.005506166 0.026096456 -0.030427082 0.999181092
1668949185350505472.000000 0.341588289 0.286353797 6.349481583 0.019192837 0.033922706 -0.023852495 0.998955488
1668949185449177344.000000 0.342804849 0.287778497 6.388801575 0.011374405 0.044749681 -0.011877227 0.998862863
1668949185550476288.000000 0.341641724 0.291364074 6.422935009 0.006397678 0.046880499 -0.004359146 0.998870552
1668949185649201664.000000 0.343653023 0.298676699 6.462307930 -0.001742400 0.044407323 -0.010789353 0.998953819
1668949185750569216.000000 0.349318117 0.305474490 6.504968166 -0.001115078 0.042334866 -0.013342257 0.999013841
1668949185849128960.000000 0.357531667 0.305754662 6.552554131 0.002097895 0.034539688 -0.014468770 0.999296427
1668949185950587392.000000 0.359974980 0.303095073 6.592396736 0.014667970 0.022809541 -0.017116183 0.999485672
1668949186049234688.000000 0.364868879 0.300313324 6.633805752 0.010305117 0.004292996 -0.026568206 0.999584675
1668949186150376192.000000 0.364700735 0.302547157 6.672902584 0.006892088 -0.002874224 -0.023895707 0.999686539
1668949186249468928.000000 0.366362125 0.309370190 6.717150211 0.005043517 -0.002308573 -0.028149489 0.999588370
1668949186350474240.000000 0.367706627 0.315402985 6.761388779 0.007514670 0.007291112 -0.025269566 0.999625862
1668949186449514496.000000 0.367455870 0.315868676 6.812448502 0.008027785 0.022257853 -0.027207224 0.999349773
1668949186550291712.000000 0.367468566 0.310293823 6.852350712 0.005100334 0.029419150 -0.015540670 0.999433398
1668949186649693696.000000 0.369745344 0.307446390 6.897125721 0.008471585 0.040597767 -0.012091055 0.999066472
1668949186750454784.000000 0.373026937 0.308119953 6.936048985 0.008612981 0.045096125 -0.002196388 0.998943090
1668949186849761024.000000 0.376037210 0.313399851 6.977425575 0.010640495 0.048418500 -0.002935271 0.998766124
1668949186950219520.000000 0.380245119 0.318859935 7.018410683 0.016119355 0.045639917 -0.013078081 0.998742282
1668949187049944576.000000 0.388679802 0.321461320 7.062879086 0.022155901 0.038802899 -0.019658845 0.998807788
1668949187150526208.000000 0.393654168 0.319038749 7.100506306 0.020288318 0.027199851 -0.023391034 0.999150395
1668949187249927680.000000 0.396065563 0.319038719 7.141527176 0.016020328 0.012070084 -0.029777534 0.999355316
1668949187350390528.000000 0.397752821 0.320367366 7.176865578 0.012066728 0.007712718 -0.026403489 0.999548793
1668949187450188032.000000 0.399940759 0.325566888 7.218914509 0.011926729 0.009202904 -0.030272804 0.999428153
1668949187550410240.000000 0.397856355 0.329171151 7.258435726 0.012185732 0.024230545 -0.024120476 0.999341130
1668949187650148864.000000 0.396961629 0.330853730 7.301019192 0.014285550 0.035417985 -0.028214270 0.998872161
1668949187750316288.000000 0.393186212 0.329270393 7.339776039 0.015476523 0.040808972 -0.020999463 0.998826385
1668949187850186496.000000 0.397605330 0.326088458 7.380449772 0.020580940 0.051185641 -0.020137424 0.998273969
1668949187950427904.000000 0.396159053 0.329237223 7.416843891 0.005383906 0.059493266 -0.004894263 0.998202264
1668949188050245888.000000 0.400918901 0.331464171 7.450681210 -0.000517239 0.059557043 -0.004188688 0.998216033
1668949188150205184.000000 0.403110355 0.340567231 7.488345623 -0.000663410 0.059604604 -0.007341828 0.998194814
1668949188250406144.000000 0.409093261 0.344284773 7.528441429 0.008915183 0.055182207 -0.012421408 0.998359263
1668949188350447360.000000 0.416857332 0.343139499 7.568155289 0.003108000 0.050729621 -0.012633148 0.998627663
1668949188450340608.000000 0.420233816 0.341450632 7.604788780 0.006769837 0.043376602 -0.018410729 0.998866200
1668949188550223616.000000 0.426872104 0.343145400 7.640044212 0.000923619 0.032203730 -0.022728696 0.999222457
1668949188650935296.000000 0.430298269 0.343468040 7.673779964 0.005539929 0.027885672 -0.030911323 0.999117792
1668949188750450944.000000 0.435027689 0.349182695 7.709170818 0.008990438 0.031436030 -0.029880021 0.999018610
1668949188850663936.000000 0.437866777 0.351574212 7.751976967 0.018047431 0.042768490 -0.026532324 0.998569608
1668949188950252544.000000 0.441656977 0.351547778 7.793319225 0.017068947 0.049535125 -0.030724894 0.998153806
1668949189050296576.000000 0.443731993 0.346692681 7.830213070 0.028930344 0.054925632 -0.023814669 0.997787178
1668949189150293760.000000 0.448531866 0.344287425 7.870465755 0.024850480 0.068427809 -0.018735912 0.997170568
1668949189250282496.000000 0.449659795 0.345182389 7.902259827 0.023914803 0.075033553 -0.012839533 0.996811569
1668949189350186752.000000 0.460376173 0.352461159 7.938793659 0.023376931 0.071724549 -0.018338049 0.996981919
1668949189450411776.000000 0.464921415 0.357744843 7.975138187 0.023268489 0.070167318 -0.024465078 0.996963680
1668949189550448640.000000 0.477187634 0.363192320 8.018052101 0.021379884 0.063523345 -0.031945121 0.997239769
1668949189650333696.000000 0.485466212 0.361535519 8.053242683 0.023078851 0.057321575 -0.033192970 0.997536898
1668949189750164224.000000 0.487587839 0.359923065 8.091273308 0.028777076 0.045802716 -0.043975785 0.997567117
1668949189850365696.000000 0.494977087 0.361541003 8.125807762 0.017218491 0.033988677 -0.039392509 0.998497128
1668949189950167552.000000 0.497014344 0.363051564 8.160277367 0.022639096 0.034837119 -0.040383313 0.998320162
1668949190049629952.000000 0.501289248 0.369426697 8.199046135 0.028086679 0.040781494 -0.037260376 0.998077989
1668949190152688384.000000 0.497521579 0.372719705 8.239993095 0.032139346 0.048625492 -0.037229255 0.997605443
1668949190252893696.000000 0.495675713 0.372734398 8.280976295 0.020113593 0.051597632 -0.032586809 0.997933507
1668949190352658432.000000 0.490044147 0.369959652 8.317663193 0.030891638 0.051984094 -0.027056983 0.997803271
1668949190453020672.000000 0.494219303 0.371254504 8.359203339 0.020531015 0.051306412 -0.022583900 0.998216510
1668949190552653824.000000 0.488221973 0.372874111 8.390952110 0.011536687 0.050893132 -0.012560057 0.998558462
1668949190652967680.000000 0.486881465 0.378921688 8.425905228 0.012239806 0.040540498 -0.017491069 0.998949826
1668949190752727040.000000 0.493136734 0.385799110 8.463225365 0.021454753 0.030544749 -0.020932734 0.999083877
1668949190852936448.000000 0.496532440 0.387293667 8.502273560 0.022528362 0.021098208 -0.026077466 0.999183357
1668949190954229760.000000 0.497004747 0.383469343 8.533258438 0.032408912 0.010887622 -0.022001622 0.999173224
1668949191053043968.000000 0.502137542 0.382092446 8.567116737 0.028821629 0.003426602 -0.026081804 0.999238372
1668949191152618752.000000 0.503166437 0.383112460 8.597033501 0.023140756 0.000659924 -0.021051198 0.999510348
1668949191253045760.000000 0.509277701 0.385922879 8.627308846 0.025521532 0.002016928 -0.024670333 0.999367833
1668949191352634368.000000 0.510854185 0.388109267 8.657565117 0.030207464 0.009385996 -0.020868825 0.999281704
1668949191452979712.000000 0.507127941 0.394388080 8.694106102 0.029454976 0.013932055 -0.023115359 0.999201715
1668949191552752384.000000 0.508331180 0.394453764 8.722060204 0.021153172 0.015351440 -0.028721780 0.999245703
1668949191652963072.000000 0.510990202 0.392869860 8.747503281 0.028355934 0.016923713 -0.033637814 0.998888433
1668949191752621568.000000 0.517855644 0.394844443 8.775443077 0.018130694 0.019777259 -0.029945813 0.999191403
1668949191852866816.000000 0.518308342 0.398429722 8.800524712 0.019844912 0.020851560 -0.027799604 0.999198973
1668949191952609024.000000 0.526790500 0.399569899 8.823505402 0.016122613 0.014296062 -0.031121325 0.999283314
1668949192052680448.000000 0.537371218 0.400965810 8.843827248 0.017447706 0.003147949 -0.030862248 0.999366403
1668949192152615424.000000 0.554185867 0.400006294 8.867930412 0.023642451 -0.020772997 -0.028175507 0.999107420
1668949192252974592.000000 0.570256233 0.396673322 8.890472412 0.022091057 -0.050500453 -0.034266636 0.997891545
1668949192352686336.000000 0.591098905 0.393858433 8.908265114 0.015401865 -0.084204763 -0.045234151 0.995302141
1668949192452728576.000000 0.612619996 0.393930376 8.924592972 0.012367732 -0.100195788 -0.053521153 0.993450224
1668949192552697600.000000 0.634222269 0.394298494 8.943716049 -0.006364509 -0.100077376 -0.048693705 0.993767023
1668949192652973056.000000 0.644518077 0.389404416 8.954333305 -0.011871330 -0.103698596 -0.040105276 0.993728995
1668949192752711680.000000 0.656096101 0.385622203 8.968678474 -0.014976400 -0.111843422 -0.032539759 0.993080080
1668949192852753152.000000 0.665269911 0.391590089 8.986094475 -0.013521826 -0.108327240 -0.027741842 0.993636191
1668949192952645120.000000 0.673369586 0.388911843 9.003585815 -0.014028684 -0.100217938 -0.030315295 0.994404674
1668949193052932608.000000 0.681742609 0.386524737 9.020648003 -0.007175702 -0.097756170 -0.034382369 0.994590461
1668949193153948160.000000 0.695152938 0.385636270 9.043018341 -0.010369463 -0.094669700 -0.030238900 0.994995356
1668949193252893184.000000 0.702714503 0.386042804 9.062778473 -0.016624240 -0.102875881 -0.023786791 0.994270802
1668949193352650240.000000 0.713592112 0.389278620 9.084282875 -0.026213102 -0.119377747 -0.032466490 0.991971731
1668949193452985344.000000 0.731883705 0.388271093 9.104135513 -0.029874450 -0.145104125 -0.032123178 0.988443494
1668949193552817408.000000 0.743797600 0.397002220 9.132292747 -0.013115187 -0.176480994 -0.042753268 0.983287692
1668949193652620544.000000 0.761961222 0.397608697 9.155511856 -0.014895783 -0.208205745 -0.043943137 0.976983905
1668949193752816384.000000 0.767146826 0.396055579 9.174312592 -0.013343437 -0.237172797 -0.058245104 0.969628096
1668949193852737792.000000 0.774714470 0.401117295 9.196367264 -0.019583002 -0.257179618 -0.051698364 0.964781046
1668949193953711872.000000 0.779348075 0.401585251 9.215660095 -0.017027197 -0.271812946 -0.049711343 0.960914493
1668949194052707840.000000 0.784196854 0.404923379 9.238681793 -0.014911319 -0.282151520 -0.044343937 0.958228469
1668949194152655872.000000 0.782692552 0.407951832 9.264892578 -0.011669908 -0.283860654 -0.046861049 0.957648695
1668949194252897536.000000 0.787858963 0.406183839 9.292003632 -0.020107241 -0.287530869 -0.039612349 0.956740618
1668949194352719616.000000 0.786594987 0.404941201 9.310370445 -0.005158185 -0.298783541 -0.040548012 0.953445196
1668949194452806912.000000 0.786397457 0.406993330 9.338141441 -0.002583331 -0.300091624 -0.034738254 0.953274190
1668949194552848640.000000 0.787390351 0.404887468 9.351259232 -0.019199200 -0.298233896 -0.021769641 0.954051435
1668949194652859904.000000 0.790202498 0.406327635 9.364857674 -0.021087853 -0.303855807 -0.025567589 0.952141464
1668949194752908032.000000 0.795549393 0.404014945 9.379021645 -0.027993390 -0.305042595 -0.019011702 0.951737344
1668949194852722176.000000 0.797095180 0.408552825 9.391119957 -0.028988164 -0.303909600 -0.019773256 0.952054441
1668949194953377792.000000 0.805070162 0.406860381 9.408390999 -0.032468684 -0.301102996 -0.016855214 0.952889681
1668949195052844544.000000 0.809932590 0.412858456 9.430101395 -0.029283339 -0.290748686 -0.017477844 0.956191540
1668949195152700416.000000 0.820521295 0.413716704 9.454030991 -0.025960546 -0.284524888 -0.021475166 0.958076477
1668949195252816384.000000 0.824436009 0.416935354 9.475126266 -0.023132211 -0.284649611 -0.024482137 0.958039761
1668949195352683776.000000 0.829523087 0.414781481 9.501699448 -0.016994782 -0.290912956 -0.032733168 0.956038356
1668949195452826112.000000 0.836409807 0.417937338 9.524557114 -0.027799767 -0.297925800 -0.031492297 0.953664362
1668949195553025792.000000 0.836036563 0.417856872 9.542583466 -0.029838845 -0.301721215 -0.028440725 0.952504694
1668949195652070400.000000 0.836530447 0.420501232 9.567369461 -0.029164642 -0.310881943 -0.023476424 0.949710846
1668949195752822528.000000 0.834899902 0.423260152 9.589717865 -0.025433203 -0.320728123 -0.018477429 0.946649492
1668949195852837376.000000 0.832804322 0.422334462 9.618427277 -0.014809423 -0.327286959 -0.023004416 0.944528878
1668949195952816128.000000 0.830727458 0.422216177 9.646672249 -0.014471098 -0.326886803 -0.020280909 0.944735110
1668949196052675072.000000 0.827962518 0.417154193 9.673316956 0.002803970 -0.331895322 -0.019092215 0.943118870
1668949196153095168.000000 0.828962803 0.416096538 9.705283165 -0.006681479 -0.335512996 -0.013331396 0.941917539
1668949196252173824.000000 0.827551723 0.415764987 9.724225998 -0.012621830 -0.341991544 -0.007321704 0.939589798
1668949196352855552.000000 0.829956770 0.420573950 9.749678612 -0.014359090 -0.352168053 -0.012623707 0.935741544
1668949196452836352.000000 0.829727173 0.423366576 9.773066521 -0.015423223 -0.362965345 -0.010944276 0.931610703
1668949196552813056.000000 0.830614328 0.426217675 9.799327850 -0.000770309 -0.384066403 -0.016855067 0.923151374
1668949196652870400.000000 0.831648111 0.426233619 9.824671745 0.001156325 -0.403284818 -0.021765500 0.914814949
1668949196752984576.000000 0.826932907 0.426872194 9.845716476 0.015398148 -0.433423698 -0.029249750 0.900583863
1668949196851717120.000000 0.825442076 0.426738024 9.880559921 0.003297212 -0.465222031 -0.024157034 0.884858191
1668949196950619904.000000 0.817402840 0.430283844 9.897537231 -0.000382514 -0.485540271 -0.016791465 0.874053001
1668949197050716928.000000 0.803850651 0.435941041 9.918564796 -0.009745094 -0.504738927 -0.011928639 0.863134682
1668949197150744576.000000 0.784358025 0.441451311 9.936150551 -0.013844582 -0.521290183 -0.007867766 0.853230953
1668949197250731264.000000 0.763791084 0.445137441 9.956928253 -0.004154593 -0.537154615 -0.007104219 0.843443751
1668949197350645248.000000 0.740700722 0.450114042 9.982624054 -0.002246281 -0.545905471 -0.001805761 0.837841868
1668949197450546944.000000 0.721566677 0.439989805 9.999966621 0.010483985 -0.558997691 0.006325573 0.829078794
1668949197550790144.000000 0.700206280 0.437861323 10.025915146 0.013616312 -0.573232532 0.011633635 0.819196999
1668949197650784512.000000 0.680725574 0.443845510 10.036618233 0.002198528 -0.587654650 0.020435957 0.808850765
1668949197750770688.000000 0.661355019 0.443080544 10.054560661 0.000644480 -0.605225384 0.019270644 0.795820713
1668949197850835712.000000 0.642476082 0.449713647 10.068975449 -0.001558426 -0.616990149 0.021240879 0.786682665
1668949197950955264.000000 0.621991634 0.453220397 10.088832855 0.007309909 -0.629481196 0.021666989 0.776679218
1668949198050799616.000000 0.595903397 0.456634611 10.117509842 0.010764816 -0.636403680 0.021038374 0.770994067
1668949198150752768.000000 0.574561119 0.453263819 10.138177872 0.015742574 -0.647788823 0.018200379 0.761439800
1668949198250854400.000000 0.550863266 0.456822991 10.159044266 0.019978631 -0.663467824 0.013834181 0.747810185
1668949198350878208.000000 0.531372070 0.456527233 10.174518585 0.007675155 -0.676767647 0.012812515 0.736045241
1668949198450862080.000000 0.507151604 0.462191015 10.186323166 0.006251045 -0.683424175 0.011941726 0.729897082
1668949198550628096.000000 0.483101845 0.466799438 10.200778961 -0.001418169 -0.688688993 0.013293515 0.724933684
1668949198650886400.000000 0.458263397 0.467938602 10.214488029 0.004891382 -0.689336181 0.018316856 0.724193573
1668949198750864640.000000 0.425132751 0.471333385 10.227691650 0.015668759 -0.687021136 0.023393981 0.726091743
1668949198850831872.000000 0.396917343 0.464731693 10.241620064 0.014638101 -0.684197485 0.028121619 0.728607416
1668949198950871040.000000 0.363466263 0.461965173 10.254716873 0.022945939 -0.684944391 0.035593338 0.727363646
1668949199050743552.000000 0.339207649 0.460415870 10.267563820 0.009376856 -0.684991241 0.042161748 0.727269888
1668949199150727424.000000 0.317494392 0.459489316 10.276824951 0.007145809 -0.685983360 0.042261411 0.726353824
1668949199250956288.000000 0.288729668 0.463344157 10.293359756 0.003264907 -0.689365208 0.040141840 0.723293543
1668949199350813952.000000 0.255530357 0.470914096 10.306575775 0.003221211 -0.695287347 0.036337160 0.717805505
1668949199450883840.000000 0.227719307 0.474096715 10.324707031 0.007695208 -0.700591028 0.035795845 0.712623119
1668949199550739712.000000 0.197909355 0.472579956 10.337081909 0.009385636 -0.704404294 0.030811867 0.709067881
1668949199650743552.000000 0.165380478 0.471390098 10.346955299 0.025194572 -0.717761159 0.032580167 0.695070267
1668949199750734336.000000 0.135741234 0.467689335 10.356864929 0.020238280 -0.727392435 0.027217213 0.685383081
1668949199850743040.000000 0.109120369 0.471572220 10.365059853 0.025340920 -0.732562184 0.029941522 0.679569066
1668949199950626816.000000 0.073013306 0.473435462 10.374310493 0.020297125 -0.734829366 0.032733683 0.677157640
1668949200050770432.000000 0.043610573 0.471412450 10.376342773 0.020724136 -0.732655227 0.037766147 0.679235339
1668949200150791168.000000 0.003528595 0.474685073 10.380261421 0.020011865 -0.729766369 0.038090177 0.682341456
1668949200250773760.000000 -0.033402443 0.471430749 10.383996010 0.012816831 -0.728668809 0.041686933 0.683476269
1668949200351069440.000000 -0.065573692 0.470228285 10.387112617 0.016668487 -0.723505020 0.050268561 0.688284695
1668949200450795264.000000 -0.099276543 0.467565954 10.391794205 0.003925217 -0.719168723 0.055210453 0.692627490
1668949200550952192.000000 -0.132746696 0.468563437 10.397102356 0.006182768 -0.719667196 0.054728705 0.692131281
1668949200650726400.000000 -0.165740013 0.473508418 10.404381752 0.006118060 -0.720365465 0.051004972 0.691689730
1668949200750928640.000000 -0.205820084 0.476293504 10.416065216 0.008852640 -0.724490047 0.049461551 0.687451482
1668949200850731776.000000 -0.240779877 0.475069493 10.425585747 0.011260560 -0.728344202 0.046222720 0.683557928
1668949200950909440.000000 -0.274998665 0.470254064 10.431732178 0.017494690 -0.732856870 0.045970887 0.678602576
1668949201050741504.000000 -0.312624931 0.470056146 10.437802315 0.021188010 -0.741085470 0.040126681 0.669875562
1668949201150726144.000000 -0.342841148 0.468839258 10.437679291 0.020225072 -0.746202469 0.044701427 0.663908601
1668949201250824448.000000 -0.376790047 0.470796555 10.443531990 0.026521428 -0.746068001 0.046254918 0.663731694
1668949201350556160.000000 -0.411694527 0.471667320 10.446487427 0.026525173 -0.740542650 0.050526880 0.669581950
1668949201450551808.000000 -0.446992874 0.471836269 10.445041656 0.032593396 -0.732857764 0.053511996 0.677490711
1668949201550545408.000000 -0.481876373 0.468086362 10.448900223 0.026297074 -0.727891147 0.052726135 0.683156550
1668949201650598400.000000 -0.513609886 0.465928972 10.448060989 0.025522921 -0.723032117 0.059797246 0.687748134
1668949201750621440.000000 -0.545545578 0.465334058 10.451894760 0.015883978 -0.722910762 0.062167931 0.687955558
1668949201850581504.000000 -0.571832657 0.465416521 10.454816818 0.014902214 -0.723414123 0.063370466 0.687338471
1668949201952741632.000000 -0.602462769 0.468437910 10.456504822 0.017197613 -0.728054881 0.057495676 0.682886958
1668949202052841472.000000 -0.633516312 0.470378071 10.463488579 0.023479369 -0.736711323 0.056809708 0.673407614
1668949202152868096.000000 -0.664487839 0.471469730 10.471897125 0.030611360 -0.740109861 0.060403582 0.669067919
1668949202252954368.000000 -0.693922997 0.468516022 10.480888367 0.030642841 -0.745373905 0.053218696 0.663812220
1668949202352840960.000000 -0.725201607 0.467279017 10.491596222 0.042020425 -0.753350556 0.048737328 0.654463053
1668949202452724480.000000 -0.753846169 0.467326581 10.501490593 0.038849030 -0.760116398 0.040461749 0.647361398
1668949202552928768.000000 -0.777695656 0.468379676 10.505651474 0.038421411 -0.762886286 0.038469493 0.644242525
1668949202653144320.000000 -0.803199768 0.468846589 10.509265900 0.032565512 -0.766717434 0.036840748 0.640098929
1668949202752919552.000000 -0.827188492 0.472838789 10.508457184 0.031503443 -0.769439340 0.038709987 0.636767089
1668949202852843776.000000 -0.854242325 0.474032819 10.510906219 0.031775109 -0.770373881 0.043044612 0.635343671
1668949202952636928.000000 -0.884074211 0.474386513 10.508830070 0.029086504 -0.768624723 0.041706640 0.637676060
1668949203052119040.000000 -0.909719467 0.470264256 10.509856224 0.031256735 -0.772244513 0.047234144 0.632795751
1668949203152752640.000000 -0.937682152 0.472939819 10.510424614 0.026801240 -0.771887898 0.051648695 0.633090198
1668949203252756992.000000 -0.961938858 0.472023159 10.512138367 0.011290990 -0.771211624 0.052148495 0.634338737
1668949203352824576.000000 -0.987721443 0.473570138 10.510940552 0.009922135 -0.774327576 0.047965027 0.630886436
1668949203452830720.000000 -1.014487267 0.479750514 10.515441895 0.004392122 -0.774283767 0.045100968 0.631214142
1668949203553306112.000000 -1.044123650 0.477802396 10.524234772 0.011354117 -0.781675935 0.043762274 0.622043967
1668949203652842496.000000 -1.075530052 0.477961332 10.528870583 0.020598860 -0.785575688 0.048445143 0.616522193
1668949203752722176.000000 -1.107278824 0.473018557 10.537420273 0.028650066 -0.791135430 0.043536525 0.609416604
1668949203852479488.000000 -1.136025429 0.469531894 10.540008545 0.045984205 -0.797599852 0.042660382 0.599916697
1668949203952886784.000000 -1.162748337 0.469540775 10.542692184 0.044026971 -0.801164150 0.033408165 0.595887244
1668949204053507584.000000 -1.187314987 0.468923688 10.547477722 0.041429721 -0.807770193 0.030757099 0.587235034
1668949204152809472.000000 -1.215093613 0.473907739 10.544291496 0.033401463 -0.811258972 0.030564157 0.582931399
1668949204252128000.000000 -1.238311768 0.475571513 10.539561272 0.037656225 -0.811376631 0.036381666 0.582173824
1668949204353108224.000000 -1.265354156 0.472299457 10.536657333 0.048395280 -0.813101470 0.046999656 0.578199804
1668949204452730624.000000 -1.294203758 0.470632970 10.534270287 0.048532225 -0.811840177 0.051898256 0.579540133
1668949204552729856.000000 -1.318862915 0.465332925 10.529151917 0.051748909 -0.813164890 0.058695611 0.576749325
1668949204652540928.000000 -1.343020439 0.464306056 10.528084755 0.038480595 -0.817684948 0.059722509 0.571265161
1668949204752604928.000000 -1.363361359 0.462168694 10.521258354 0.035971779 -0.823090851 0.059299849 0.563658714
1668949204852607232.000000 -1.385901451 0.463081151 10.518813133 0.030143943 -0.832176387 0.055446144 0.550907910
1668949204952086016.000000 -1.402584076 0.464143544 10.512851715 0.031031549 -0.844020784 0.054211408 0.532660425
1668949205052573440.000000 -1.425940514 0.465999991 10.514055252 0.033574659 -0.855400026 0.057375010 0.513684511
1668949205152911872.000000 -1.449554443 0.465290874 10.510265350 0.037558205 -0.864236295 0.056825619 0.498453498
1668949205253488640.000000 -1.471251488 0.461799949 10.511105537 0.042475309 -0.875613928 0.060058244 0.477377504
1668949205351185408.000000 -1.490871429 0.460630119 10.509663582 0.048361201 -0.883985102 0.065135166 0.460422724
1668949205453134336.000000 -1.506459236 0.458876848 10.504577637 0.048820026 -0.895201921 0.058793902 0.439059794
1668949205551879168.000000 -1.519641876 0.458751678 10.504869461 0.044230793 -0.904747248 0.061382264 0.419175833
1668949205652490240.000000 -1.527157784 0.458451986 10.495092392 0.041157342 -0.910998702 0.064808838 0.405200392
1668949205752544512.000000 -1.537397385 0.455469191 10.488773346 0.042375952 -0.918427289 0.068913668 0.387229323
1668949205852556288.000000 -1.542946815 0.455717355 10.479450226 0.041664708 -0.926886618 0.075042211 0.365395606
1668949205952490496.000000 -1.544324875 0.451874375 10.465607643 0.044559397 -0.935076475 0.077404954 0.343008786
1668949206052452352.000000 -1.543896675 0.452942073 10.453950882 0.045560244 -0.944737256 0.076451913 0.315516829
1668949206153831168.000000 -1.544455528 0.451308489 10.448807716 0.047249239 -0.954608858 0.083295122 0.282048494
1668949206252017920.000000 -1.545773506 0.449158043 10.440616608 0.043458670 -0.962394357 0.086261235 0.253904700
1668949206352745984.000000 -1.541175842 0.449594349 10.428902626 0.039648276 -0.970370829 0.080806799 0.224229291
1668949206452748032.000000 -1.536019325 0.449523389 10.419645309 0.037427567 -0.977740943 0.079047486 0.190717846
1668949206552746752.000000 -1.531062603 0.441857874 10.409986496 0.034100916 -0.984025776 0.073220976 0.158647835
1668949206652474368.000000 -1.533093929 0.441004336 10.404220581 0.032303888 -0.989752114 0.068851389 0.120858505
1668949206752637184.000000 -1.540641308 0.443535507 10.398642540 0.031593915 -0.993794560 0.067619085 0.082473665
1668949206851997696.000000 -1.541603565 0.448432565 10.389963150 0.034466051 -0.996071577 0.066741548 0.046893757
1668949206952578304.000000 -1.541618109 0.445925832 10.384166718 0.039331492 -0.996811450 0.068552941 0.010979528
1668949207052585472.000000 -1.554978490 0.444791794 10.375562668 -0.043924466 0.996171713 -0.073179923 0.018901803
1668949207153155328.000000 -1.562135696 0.446569204 10.364912033 -0.050484762 0.994966686 -0.075804949 0.041788802
1668949207252546816.000000 -1.563637257 0.450606465 10.358809471 -0.048091538 0.994185328 -0.073927298 0.061787095
1668949207352531712.000000 -1.561071754 0.447620273 10.348235130 -0.040690880 0.993806124 -0.070596732 0.075562589
1668949207451923712.000000 -1.563450933 0.448118925 10.335318565 -0.037751555 0.992856562 -0.071336038 0.087873973
1668949207552126976.000000 -1.561375618 0.450130463 10.321001053 -0.035292897 0.992457271 -0.068139262 0.095603585
1668949207652592384.000000 -1.560327530 0.450417757 10.301485062 -0.036809374 0.991888881 -0.069809154 0.099640355
1668949207751893248.000000 -1.550358534 0.441322207 10.277325630 -0.038882431 0.992402673 -0.068720974 0.094353408
1668949207852675584.000000 -1.548330784 0.437831044 10.254250526 -0.038532760 0.991883337 -0.072857246 0.096822165
1668949207952013056.000000 -1.544331551 0.435579896 10.233239174 -0.037354536 0.991255522 -0.078651771 0.099151745
1668949208053853440.000000 -1.534739614 0.431524515 10.213093758 -0.033984959 0.990596235 -0.085213684 0.101502374
1668949208151625984.000000 -1.533075929 0.433038831 10.196339607 -0.030035499 0.989229083 -0.087216675 0.113653295
1668949208252613120.000000 -1.525219917 0.434177041 10.183759689 -0.028952165 0.987779975 -0.082426682 0.129067421
1668949208352657920.000000 -1.512377977 0.431197643 10.172290802 -0.029762844 0.985127211 -0.081128888 0.148514897
1668949208452561152.000000 -1.503646374 0.432798982 10.160383224 -0.028988650 0.981043816 -0.079275601 0.174436450
1668949208552628992.000000 -1.492451668 0.436605573 10.149386406 -0.031244613 0.973961353 -0.076957256 0.210951939
1668949208650502144.000000 -1.479538918 0.437116385 10.139900208 -0.028031979 0.963933945 -0.073389143 0.254282683
1668949208750397696.000000 -1.469508171 0.434745073 10.129056931 -0.023337724 0.951381326 -0.073272333 0.298261911
1668949208850279424.000000 -1.461004257 0.436095834 10.112522125 -0.020692538 0.936453640 -0.078370124 0.341298372
1668949208950299136.000000 -1.451396942 0.431463122 10.100139618 -0.020699421 0.921704531 -0.077785999 0.379449159
1668949209050357248.000000 -1.445293427 0.428614616 10.085758209 -0.023228763 0.907912314 -0.080581218 0.410685360
1668949209150416384.000000 -1.439771652 0.425939918 10.076402664 -0.027269352 0.893267691 -0.085700855 0.440437019
1668949209250212608.000000 -1.435237885 0.420893550 10.063089371 -0.029896580 0.878470600 -0.088143811 0.468643069
1668949209350302976.000000 -1.432102203 0.422138512 10.053743362 -0.029903466 0.863514483 -0.091026746 0.495139122
1668949209450401024.000000 -1.426922798 0.419687510 10.051015854 -0.029237056 0.847668469 -0.090713754 0.521894991
1668949209550309888.000000 -1.425226212 0.425623178 10.057207108 -0.027407018 0.831947148 -0.086503364 0.547384679
1668949209650293504.000000 -1.414153099 0.426181734 10.053026199 -0.022501925 0.814058304 -0.081845082 0.574546874
1668949209750229760.000000 -1.406767845 0.426378369 10.056875229 -0.021977698 0.793605030 -0.074810103 0.603416562
1668949209850486528.000000 -1.398992538 0.428081155 10.059270859 -0.024473844 0.774088264 -0.069075376 0.628821969
1668949209950156288.000000 -1.391093254 0.429833412 10.062466621 -0.026121173 0.754353821 -0.067853026 0.652429342
1668949210050267648.000000 -1.380949974 0.431228340 10.064510345 -0.026071925 0.738025904 -0.065205030 0.671108246
1668949210151826688.000000 -1.372167587 0.433458805 10.067497253 -0.026884351 0.726903558 -0.063201845 0.683296382
1668949210250523136.000000 -1.360684395 0.436388910 10.071628571 -0.026052199 0.719315171 -0.065065175 0.691139281
1668949210350313216.000000 -1.341024399 0.442473888 10.078536034 -0.024076432 0.714048743 -0.066892944 0.696476877
1668949210450212352.000000 -1.335401535 0.444044918 10.080494881 -0.024670318 0.710029542 -0.067022249 0.700540900
1668949210550320640.000000 -1.298438072 0.432139874 10.072942734 -0.023902237 0.708613753 -0.067553647 0.701948524
1668949210650457600.000000 -1.287132263 0.435153037 10.077577591 -0.015574642 0.714642942 -0.071292602 0.695672572
1668949210750334208.000000 -1.269757271 0.429644853 10.074957848 -0.014074853 0.717957616 -0.075434469 0.691844344
1668949210850230784.000000 -1.246148109 0.425944149 10.072254181 -0.015552865 0.720141351 -0.064384930 0.690658510
1668949210950344704.000000 -1.227781296 0.423083663 10.076486588 -0.021148544 0.717312098 -0.049375117 0.694678545
1668949211050500608.000000 -1.200111389 0.426689953 10.070313454 -0.024155263 0.715412438 -0.042896058 0.696965992
1668949211150268160.000000 -1.178708076 0.426666617 10.067450523 -0.031215375 0.712392271 -0.018023182 0.700855315
1668949211250233600.000000 -1.163285255 0.435896456 10.067712784 -0.028768213 0.709606946 -0.016420012 0.703818738
1668949211350230016.000000 -1.133392334 0.430424005 10.055843353 -0.023939047 0.702418506 -0.022121640 0.711017549
1668949211450313728.000000 -1.078362465 0.444367498 10.056236267 -0.021395328 0.697460830 -0.023153920 0.715929210
1668949211550276352.000000 -1.053768158 0.434617788 10.053792953 -0.025264084 0.688285232 -0.035555437 0.724127829
1668949211650328832.000000 -1.018211365 0.435790628 10.050221443 -0.019687053 0.679845631 -0.051959153 0.731247365
1668949211750196480.000000 -0.985161781 0.433698297 10.046753883 -0.022500716 0.674668610 -0.060275219 0.735311508
1668949211850576640.000000 -0.956592560 0.438621581 10.043843269 -0.023976823 0.671029806 -0.066477261 0.738054812
1668949211950671872.000000 -0.916153908 0.440199882 10.036299706 -0.025910581 0.664801300 -0.062753707 0.743928671
1668949212050289152.000000 -0.885153770 0.444137454 10.038249016 -0.018788785 0.663066626 -0.057311777 0.746126711
1668949212150332416.000000 -0.840958595 0.442432553 10.037257195 -0.020658068 0.669636786 -0.060496267 0.739932537
1668949212250619904.000000 -0.809480667 0.434996247 10.039978027 -0.005048680 0.684940994 -0.044169664 0.727240920
1668949212350611456.000000 -0.765132904 0.436657578 10.036178589 0.003359207 0.694280148 -0.044394076 0.718326509
1668949212450382592.000000 -0.728045464 0.436508477 10.033548355 -0.001721935 0.705351055 -0.030983232 0.708178699
1668949212550424576.000000 -0.694335938 0.440743327 10.029496193 -0.014476775 0.711373746 -0.027443137 0.702128828
1668949212650623744.000000 -0.654029846 0.441590369 10.019673347 -0.026336793 0.718224823 -0.019889282 0.695028007
1668949212750670336.000000 -0.621023178 0.442221761 10.014013290 -0.026974764 0.716513216 -0.022213068 0.696697772
1668949212850453504.000000 -0.587152481 0.437812746 10.002389908 -0.028351074 0.713618755 -0.026462715 0.699460030
1668949212950650624.000000 -0.548610687 0.435999453 9.996968269 -0.023794001 0.705133319 -0.040292256 0.707529068
1668949213050622720.000000 -0.512349129 0.434491515 9.987743378 -0.032410137 0.698112011 -0.029526088 0.714644969
1668949213150648320.000000 -0.484393120 0.436196178 9.985315323 -0.030868242 0.693969965 -0.027102556 0.718831241
1668949213250466304.000000 -0.443796158 0.442719579 9.980778694 -0.031148922 0.691885233 -0.038074110 0.720329821
1668949213350483456.000000 -0.405649185 0.449285567 9.978858948 -0.027620472 0.696117938 -0.030894397 0.716730475
1668949213450784768.000000 -0.364204407 0.449099809 9.980832100 -0.026056964 0.700463355 -0.028062506 0.712660313
1668949213550627072.000000 -0.322316170 0.443808705 9.981220245 -0.023596374 0.706463873 -0.025636360 0.706891000
1668949213652123136.000000 -0.282185555 0.438397437 9.982012749 -0.018590443 0.713615060 -0.034875434 0.699422359
1668949213752879616.000000 -0.243234634 0.437095731 9.977031708 -0.017435435 0.718183935 -0.032666851 0.694867432
1668949213852870400.000000 -0.204690933 0.439241171 9.977679253 -0.012989543 0.718006134 -0.034974437 0.695036232
1668949213953014016.000000 -0.166685104 0.443154991 9.972252846 -0.013249452 0.715922713 -0.031312689 0.697351158
1668949214052728320.000000 -0.127064705 0.446160793 9.967695236 -0.010249427 0.711151600 -0.035717145 0.702056110
1668949214152824576.000000 -0.085659981 0.446643651 9.962113380 -0.013966957 0.709609866 -0.034089100 0.703631163
1668949214253051904.000000 -0.046293259 0.441287637 9.962053299 -0.014763289 0.702966452 -0.046006858 0.709579945
1668949214352958208.000000 -0.007517815 0.439507425 9.953387260 -0.019832369 0.695968032 -0.048983511 0.716125548
1668949214452738816.000000 0.027578354 0.438892603 9.954193115 -0.016940793 0.690502942 -0.045743674 0.721682906
1668949214553018112.000000 0.066108704 0.443160832 9.956059456 -0.015214051 0.687557518 -0.053790413 0.723975003
1668949214652950272.000000 0.105812073 0.445893407 9.955757141 -0.009399266 0.687929392 -0.047589827 0.724154711
1668949214752936448.000000 0.146909714 0.445483327 9.960201263 -0.007835441 0.694058001 -0.042307187 0.718632221
1668949214852871168.000000 0.183872223 0.445387125 9.960528374 -0.006636956 0.700514376 -0.028693227 0.713030338
1668949214953031424.000000 0.224040031 0.443532974 9.961359024 -0.006834157 0.711762190 -0.033919990 0.701567769
1668949215053005568.000000 0.257542610 0.440842539 9.953392982 -0.003973239 0.713171899 -0.026969025 0.700458944
1668949215152961024.000000 0.292781830 0.443226725 9.954197884 -0.003302061 0.711602390 -0.021138227 0.702256680
1668949215253273344.000000 0.332025528 0.447842777 9.951200485 -0.008453873 0.713271618 -0.024124961 0.700421393
1668949215353101824.000000 0.371343613 0.453640729 9.942451477 -0.006456713 0.710536182 -0.026050158 0.703148782
1668949215453084416.000000 0.412767410 0.452858150 9.938593864 -0.006808807 0.710872114 -0.020139514 0.702999949
1668949215553153536.000000 0.450031281 0.447397470 9.933091164 -0.007817104 0.703494549 -0.034348290 0.709827185
1668949215653033984.000000 0.489334106 0.442563295 9.930055618 -0.020202862 0.695243716 -0.044365551 0.717119038
1668949215752470784.000000 0.522123337 0.443180889 9.928592682 -0.028393712 0.686000586 -0.041576609 0.725857019
1668949215852314112.000000 0.558863640 0.447062522 9.925139427 -0.030591067 0.681086421 -0.047145318 0.730043054
1668949215952637952.000000 0.594773293 0.447861254 9.921812057 -0.026464103 0.685227633 -0.048129570 0.726255000
1668949216052939264.000000 0.633268356 0.447526991 9.922556877 -0.014214222 0.692352116 -0.049497873 0.719719827
1668949216153033472.000000 0.669541359 0.444599509 9.919330597 -0.011091561 0.702381253 -0.042546678 0.710441709
1668949216252992512.000000 0.703496933 0.441198826 9.920404434 -0.006156014 0.712905347 -0.045587223 0.699749947
1668949216353104640.000000 0.740087509 0.438435405 9.909865379 -0.008588566 0.713831186 -0.038669690 0.699196756
1668949216453118464.000000 0.771916389 0.439347148 9.908006668 -0.005887764 0.714361608 -0.032607242 0.698991954
1668949216553161472.000000 0.803226471 0.444230855 9.905571938 -0.007843999 0.710193455 -0.031650014 0.703251123
1668949216653116160.000000 0.837508202 0.447523445 9.898097038 -0.007057165 0.704263389 -0.039657820 0.708795249
1668949216753176576.000000 0.875539780 0.445682496 9.888553619 -0.009640031 0.703304052 -0.035934016 0.709914923
1668949216853126912.000000 0.906861305 0.444931030 9.886330605 -0.006552743 0.697903395 -0.042177137 0.714918911
1668949216953371904.000000 0.936819077 0.441622734 9.880902290 -0.013917169 0.693411887 -0.040101849 0.719290018
1668949217053072384.000000 0.961565971 0.443040550 9.880980492 -0.017645238 0.692308545 -0.035967931 0.720488608
1668949217153097984.000000 0.991940498 0.443212777 9.879039764 -0.026813772 0.692878842 -0.033901416 0.719757378
1668949217252951296.000000 1.022578239 0.445238322 9.879311562 -0.029661132 0.693641305 -0.026608622 0.719217658
1668949217352988160.000000 1.060968399 0.453165174 9.878632545 -0.021438969 0.693555355 -0.034229022 0.719270289
1668949217453012736.000000 1.100789070 0.446490109 9.879999161 -0.023942484 0.699217856 -0.032926008 0.713748634
1668949217552893952.000000 1.123235703 0.442387879 9.885807991 -0.016198495 0.706435382 -0.035214681 0.706715345
1668949217653135104.000000 1.161708832 0.441758394 9.876788139 -0.013241023 0.713236392 -0.043946151 0.699419260
1668949217752699648.000000 1.187326431 0.439367563 9.871816635 -0.007409878 0.715303361 -0.029467424 0.698153198
1668949217853081856.000000 1.219544411 0.443522543 9.868582726 -0.011744468 0.712875187 -0.029195152 0.700584531
1668949217952885760.000000 1.250492096 0.448675752 9.861170769 -0.015113658 0.708287895 -0.025334738 0.705307007
1668949218053037056.000000 1.277529716 0.451631993 9.857450485 -0.010769910 0.700155675 -0.033695769 0.713113427
1668949218152712704.000000 1.308642387 0.445648879 9.849943161 -0.014023457 0.692821980 -0.035410818 0.720102191
1668949218252756480.000000 1.343388557 0.454553306 9.843230247 -0.012820605 0.678782821 -0.032766726 0.733495653
1668949218352726784.000000 1.367898464 0.456240416 9.841047287 -0.019409811 0.666238844 -0.034782331 0.744674027
1668949218452885248.000000 1.392844200 0.452261537 9.840477943 -0.020893939 0.655192316 -0.036224209 0.754303873
1668949218552712704.000000 1.416595459 0.452929080 9.839582443 -0.027707022 0.650070429 -0.040595107 0.758282781
1668949218652882688.000000 1.441063881 0.454738796 9.839323044 -0.027658544 0.644243002 -0.038612727 0.763344646
1668949218752713472.000000 1.468596935 0.455808252 9.841777802 -0.023655191 0.640809774 -0.040239636 0.766279399
1668949218852881408.000000 1.497813225 0.456515968 9.845076561 -0.018094506 0.638530791 -0.040445719 0.768319726
1668949218952680704.000000 1.526668549 0.453652710 9.848829269 -0.013553428 0.634402335 -0.043076538 0.771682858
1668949219052579584.000000 1.552172184 0.453712821 9.853807449 -0.002866408 0.622985542 -0.051795557 0.780511498
1668949219152669696.000000 1.579577446 0.452109993 9.860115051 0.000577494 0.606744766 -0.052711397 0.793146908
1668949219253033472.000000 1.596712112 0.455136240 9.868346214 -0.000247955 0.585519731 -0.042022757 0.809568286
1668949219351880192.000000 1.608106136 0.461456418 9.878317833 -0.000325064 0.556737959 -0.047401413 0.829334617
1668949219452490752.000000 1.626184940 0.462322325 9.889173508 -0.002471773 0.519688725 -0.036251746 0.853582680
1668949219552512256.000000 1.637608051 0.464817673 9.899180412 -0.000868254 0.478108793 -0.033485360 0.877661705
1668949219652651008.000000 1.651398897 0.465807408 9.910678864 0.003857341 0.435997069 -0.032423012 0.899355650
1668949219752602112.000000 1.667554021 0.464040756 9.920989990 0.000709803 0.396849871 -0.025863107 0.917518795
1668949219852706560.000000 1.678743720 0.463428378 9.927137375 -0.003705569 0.355579644 -0.025411585 0.934293151
1668949219952717824.000000 1.689676285 0.462225705 9.935796738 -0.001900009 0.317415118 -0.023841122 0.947985113
1668949220052434432.000000 1.698189259 0.462938130 9.942808151 0.001053267 0.280180603 -0.027453903 0.959554076
1668949220152632832.000000 1.703340769 0.463750064 9.948347092 0.003300308 0.241957173 -0.030707909 0.969795346
1668949220252877056.000000 1.705676794 0.464073628 9.954203606 0.003077442 0.210441262 -0.026809273 0.977234066
1668949220351012096.000000 1.708713651 0.463973641 9.959652901 0.004986545 0.180479228 -0.024626903 0.983257830
1668949220450393856.000000 1.707841516 0.464777529 9.965935707 0.008520791 0.154514611 -0.021485813 0.987720132
1668949220549869312.000000 1.711146235 0.466295242 9.973697662 0.008080086 0.130159035 -0.018411092 0.991289258
1668949220650581760.000000 1.716559291 0.468134314 9.986515045 0.003903098 0.109038584 -0.013406890 0.993939459
1668949220750607360.000000 1.719017506 0.470614791 10.001457214 -0.000103303 0.092021093 -0.007226676 0.995730877
1668949220850680320.000000 1.717281103 0.474262089 10.018672943 -0.003086360 0.077211425 -0.002292974 0.997007370
1668949220950872576.000000 1.714860082 0.476783097 10.034939766 -0.005936632 0.063547380 -0.002728340 0.997957468
1668949221049918464.000000 1.713689089 0.478888661 10.056595802 -0.002009899 0.054361824 -0.007288424 0.998492718
1668949221150819584.000000 1.713864923 0.475870341 10.086456299 0.000379989 0.053207211 -0.007790738 0.998553038
1668949221250995200.000000 1.719632030 0.483427435 10.125942230 -0.004260791 0.052981634 0.002819758 0.998582423
1668949221350054912.000000 1.720803976 0.481007099 10.147887230 0.004370762 0.043814369 0.004222418 0.999021292
1668949221450954240.000000 1.724395514 0.484091759 10.173095703 0.009952778 0.042855266 0.000668002 0.999031484
1668949221549836032.000000 1.725505352 0.484562576 10.199470520 -0.001574399 0.040617950 0.013680767 0.999079883
1668949221650821120.000000 1.726852894 0.486096323 10.222965240 -0.000827560 0.039118033 0.003369471 0.999228597
1668949221750889472.000000 1.735836625 0.493658572 10.262771606 -0.003464227 0.034170154 0.005186579 0.999396563
1668949221850810368.000000 1.744211435 0.499865234 10.289616585 0.002620633 0.025754847 0.001521910 0.999663711
1668949221950938112.000000 1.750458837 0.504803598 10.320348740 0.000525854 0.018845737 -0.000428096 0.999822140
1668949222049841920.000000 1.758698702 0.501144826 10.357600212 -0.003399214 0.005584957 0.000374893 0.999978602
1668949222150820096.000000 1.760185838 0.506142437 10.385736465 0.002049321 -0.003451607 -0.009951427 0.999942422
1668949222250652928.000000 1.767501593 0.504040420 10.410426140 -0.008970547 -0.021101270 -0.009139841 0.999695361
1668949222350418688.000000 1.766300082 0.507988155 10.445834160 -0.005262949 -0.029336361 -0.016437190 0.999420583
1668949222450633728.000000 1.767652750 0.510477006 10.478316307 -0.008673932 -0.036399543 -0.013925347 0.999202669
1668949222549620480.000000 1.764621615 0.515408754 10.510931969 -0.003489648 -0.032224707 -0.008261890 0.999440491
1668949222650615808.000000 1.761947632 0.519914389 10.555881500 -0.001258139 -0.023374218 -0.004693424 0.999715030
1668949222750764800.000000 1.756444693 0.512355804 10.589073181 -0.013904001 -0.008013950 0.007676755 0.999841809
1668949222850452736.000000 1.759436131 0.515822649 10.619437218 -0.010816812 0.004337316 0.011509406 0.999865890
1668949222950515968.000000 1.765982866 0.519598961 10.657097816 -0.015225522 0.013751832 0.018341735 0.999621272
1668949223049563904.000000 1.769012451 0.523135781 10.687218666 -0.021122668 0.018247550 0.021784971 0.999373019
1668949223150456832.000000 1.772323728 0.529122591 10.719617844 -0.020487661 0.018371807 0.014693585 0.999513328
1668949223250425856.000000 1.779793620 0.531669736 10.757458687 -0.009993073 0.012432066 0.011161719 0.999810457
1668949223350401024.000000 1.788223028 0.533061147 10.792922974 -0.001912551 0.008454841 0.013494179 0.999871433
1668949223450469376.000000 1.789520383 0.527960300 10.822272301 0.006047495 -0.003589429 0.020608274 0.999762893
1668949223549394432.000000 1.794990063 0.527939260 10.859114647 0.005452467 -0.012547519 0.010671617 0.999849498
1668949223650278144.000000 1.797848225 0.529489875 10.885889053 -0.001196048 -0.016399719 0.008061314 0.999832392
1668949223750260480.000000 1.803113937 0.533738792 10.916948318 0.000754143 -0.013727598 -0.000264933 0.999905467
1668949223850311424.000000 1.805034041 0.539101899 10.951192856 -0.002714881 -0.009766693 0.005220320 0.999935031
1668949223950417408.000000 1.804199457 0.541708827 10.996603012 0.004677203 -0.005685394 0.002340159 0.999970257
1668949224049460224.000000 1.805688739 0.541697323 11.036605835 0.008281426 -0.001862830 -0.003336554 0.999958456
1668949224150336512.000000 1.805927277 0.536729395 11.069635391 0.011088837 0.003178757 0.014316043 0.999831021
1668949224250374400.000000 1.810235143 0.538618982 11.107103348 0.010754731 0.011915556 0.018856106 0.999693394
1668949224350349056.000000 1.814381719 0.542160869 11.138640404 0.003072369 0.017659627 0.021857016 0.999600470
1668949224450303744.000000 1.816453099 0.549288929 11.168198586 -0.007710254 0.019372132 0.020525049 0.999571919
