1662138209585822464
1662138209624823296
1662138209666824192
1662138209705825024
1662138209747825920
1662138209789826816
1662138209831827712
1662138209873828608
1662138209918829568
1662138209972830720
1662138210017831680
1662138210065832704
1662138210110833664
1662138210155834624
1662138210197835520
1662138210242836480
1662138210287837440
1662138210329838336
1662138210374839296
1662138210416840192
1662138210467841280
1662138210515842304
1662138210563843328
1662138210605844224
1662138210647845120
1662138210698846208
1662138210740847104
1662138210782848000
1662138210824848896
1662138210869849856
1662138210914850816
1662138210959851776
1662138211001852672
1662138211046853632
1662138211088854528
1662138211130855424
1662138211181856512
1662138211223857408
1662138211262858240
1662138211304859136
1662138211349860096
1662138211391860992
1662138211436861952
1662138211475862784
1662138211517863680
1662138211562864640
1662138211607865600
1662138211652866560
1662138211697867520
1662138211745868544
1662138211787869440
1662138211829870336
1662138211874871296
1662138211925872384
1662138211967873280
1662138212012874240
1662138212060875264
1662138212102876160
1662138212141876992
1662138212180877824
1662138212222878720
1662138212270879744
1662138212318880768
1662138212363881728
1662138212411882752
1662138212465883904
1662138212507884800
1662138212552885760
1662138212597886720
1662138212639887616
1662138212684888576
1662138212732889600
1662138212771890432
1662138212813891328
1662138212855892224
1662138212897893120
1662138212939894016
1662138212981894912
1662138213026895872
1662138213068896768
1662138213116897792
1662138213161898752
1662138213206899712
1662138213248900608
1662138213290901504
1662138213332902400
1662138213374903296
1662138213416904192
1662138213461905152
1662138213509906176
1662138213551907072
1662138213599908096
1662138213641908992
1662138213695910144
1662138213737911040
1662138213788912128
1662138213833913088
1662138213881914112
1662138213929915136
1662138213971916032
1662138214019917056
1662138214061917952
1662138214109918976
1662138214157920000
1662138214208921088
1662138214250921984
1662138214298923008
1662138214337923840
1662138214382924800
1662138214430925824
1662138214478926848
1662138214520927744
1662138214562928640
1662138214604929536
1662138214649930496
1662138214691931392
1662138214733932288
1662138214775933184
1662138214820934144
1662138214859934976
1662138214904935936
1662138214955937024
1662138214997937920
1662138215042938880
1662138215084939776
1662138215132940800
1662138215171941632
1662138215210942464
1662138215255943424
1662138215300944384
1662138215342945280
1662138215387946240
1662138215429947136
1662138215468947968
1662138215513948928
1662138215561949952
1662138215606950912
1662138215648951808
1662138215690952704
1662138215738953728
1662138215780954624
1662138215828955648
1662138215870956544
1662138215909957376
1662138215957958400
1662138215999959296
1662138216041960192
1662138216083961088
1662138216122961920
1662138216164962816
1662138216212963840
1662138216257964800
1662138216299965696
1662138216341966592
1662138216383967488
1662138216431968512
1662138216470969344
1662138216512970240
1662138216554971136
1662138216596972032
1662138216641972992
1662138216689974016
1662138216737975040
1662138216782976000
1662138216824976896
1662138216866977792
1662138216905978624
1662138216947979520
1662138216992980480
1662138217034981376
1662138217085982464
1662138217133983488
1662138217175984384
1662138217214985216
1662138217259986176
1662138217301987072
1662138217349988096
1662138217391988992
1662138217433989888
1662138217475990784
1662138217517991680
1662138217559992576
1662138217607993600
1662138217652994560
1662138217700995584
1662138217742996480
1662138217787997440
1662138217829998336
1662138217871999232
1662138217914000128
1662138217956001024
1662138217998001920
1662138218040002816
1662138218085003776
1662138218130004736
1662138218175005696
1662138218217006592
1662138218256007424
1662138218298008320
1662138218343009280
1662138218385010176
1662138218427011072
1662138218469011968
1662138218517012992
1662138218559013888
1662138218601014784
1662138218646015744
1662138218694016768
1662138218739017728
1662138218781018624
1662138218823019520
1662138218865020416
1662138218907021312
1662138218949022208
1662138218997023232
1662138219036024064
1662138219081025024
1662138219123025920
1662138219162026752
1662138219207027712
1662138219249028608
1662138219294029568
1662138219339030528
1662138219381031424
1662138219423032320
1662138219474033408
1662138219519034368
1662138219567035392
1662138219612036352
1662138219660037376
1662138219708038400
1662138219756039424
1662138219798040320
1662138219846041344
1662138219888042240
1662138219933043200
1662138219987044352
1662138220035045376
1662138220080046336
1662138220128047360
1662138220173048320
1662138220218049280
1662138220263050240
1662138220305051136
1662138220350052096
1662138220395053056
1662138220434053888
1662138220479054848
1662138220524055808
1662138220569056768
1662138220611057664
1662138220650058496
1662138220692059392
1662138220734060288
1662138220779061248
1662138220824062208
1662138220869063168
1662138220917064192
1662138220962065152
1662138221007066112
1662138221049067008
1662138221091067904
1662138221133068800
1662138221178069760
1662138221220070656
1662138221265071616
1662138221307072512
1662138221349073408
1662138221403074560
1662138221445075456
1662138221493076480
1662138221535077376
1662138221580078336
1662138221628079360
1662138221670080256
1662138221712081152
1662138221757082112
1662138221799083008
1662138221838083840
1662138221880084736
1662138221922085632
1662138221961086464
1662138222009087488
1662138222051088384
1662138222102089472
1662138222150090496
1662138222195091456
1662138222240092416
1662138222288093440
1662138222336094464
1662138222381095424
1662138222429096448
1662138222471097344
1662138222513098240
1662138222558099200
1662138222600100096
1662138222648101120
1662138222687101952
1662138222732102912
1662138222777103872
1662138222822104832
1662138222870105856
1662138222912106752
1662138222960107776
1662138223002108672
1662138223044109568
1662138223086110464
1662138223131111424
1662138223173112320
1662138223221113344
1662138223266114304
1662138223311115264
1662138223359116288
1662138223401117184
1662138223437117952
1662138223479118848
1662138223527119872
1662138223569120768
1662138223611121664
1662138223656122624
1662138223701123584
1662138223749124608
1662138223791125504
1662138223839126528
1662138223881127424
1662138223926128384
1662138223968129280
1662138224019130368
1662138224058131200
1662138224112132352
1662138224160133376
1662138224208134400
1662138224247135232
1662138224289136128
1662138224334137088
1662138224376137984
1662138224418138880
1662138224463139840
1662138224511140864
1662138224553141760
1662138224598142720
1662138224643143680
1662138224688144640
1662138224733145600
1662138224784146688
1662138224826147584
1662138224868148480
1662138224910149376
1662138224952150272
1662138224994151168
1662138225039152128
1662138225084153088
1662138225132154112
1662138225174155008
1662138225219155968
1662138225267156992
1662138225315158016
1662138225360158976
1662138225405159936
1662138225450160896
1662138225501161984
1662138225546162944
1662138225588163840
1662138225633164800
1662138225678165760
1662138225723166720
1662138225765167616
1662138225810168576
1662138225858169600
1662138225900170496
1662138225948171520
1662138225993172480
1662138226035173376
1662138226077174272
1662138226122175232
1662138226167176192
1662138226212177152
1662138226254178048
1662138226302179072
1662138226344179968
1662138226392180992
1662138226431181824
1662138226473182720
1662138226521183744
1662138226566184704
1662138226608185600
1662138226650186496
1662138226689187328
1662138226743188480
1662138226794189568
1662138226839190528
1662138226881191424
1662138226923192320
1662138226971193344
1662138227013194240
1662138227058195200
1662138227103196160
1662138227148197120
1662138227193198080
1662138227241199104
1662138227286200064
1662138227337201152
1662138227391202304
1662138227433203200
1662138227475204096
1662138227517204992
1662138227559205888
1662138227604206848
1662138227652207872
1662138227694208768
1662138227739209728
1662138227784210688
1662138227826211584
1662138227868212480
1662138227910213376
1662138227955214336
1662138227997215232
1662138228039216128
1662138228084217088
1662138228126217984
1662138228171218944
1662138228225220096
1662138228267220992
1662138228318222080
1662138228363223040
1662138228405223936
1662138228456225024
1662138228504226048
1662138228549227008
1662138228594227968
1662138228642228992
1662138228684229888
1662138228729230848
1662138228783232000
1662138228828232960
1662138228870233856
1662138228918234880
1662138228966235904
1662138229008236800
1662138229056237824
1662138229095238656
1662138229143239680
1662138229185240576
1662138229227241472
1662138229269242368
1662138229317243392
1662138229359244288
1662138229401245184
1662138229449246208
1662138229503247360
1662138229545248256
1662138229590249216
1662138229632250112
1662138229674251008
1662138229716251904
1662138229764252928
1662138229806253824
1662138229851254784
1662138229893255680
1662138229941256704
1662138229986257664
1662138230028258560
1662138230073259520
1662138230127260672
1662138230169261568
1662138230217262592
1662138230262263552
1662138230304264448
1662138230349265408
1662138230394266368
1662138230436267264
1662138230481268224
1662138230526269184
1662138230574270208
1662138230613271040
1662138230658272000
1662138230706273024
1662138230748273920
1662138230790274816
1662138230835275776
1662138230877276672
1662138230919277568
1662138230961278464
1662138231006279424
1662138231048280320
1662138231099281408
1662138231141282304
1662138231186283264
1662138231228284160
1662138231279285248
1662138231324286208
1662138231372287232
1662138231414288128
1662138231468289280
1662138231510290176
1662138231552291072
1662138231594291968
1662138231633292800
1662138231675293696
1662138231714294528
1662138231759295488
1662138231810296576
1662138231852297472
1662138231894298368
1662138231942299392
1662138231984300288
1662138232023301120
1662138232068302080
1662138232113303040
1662138232155303936
1662138232203304960
1662138232248305920
1662138232290306816
1662138232338307840
1662138232386308864
1662138232428309760
1662138232467310592
1662138232515311616
1662138232557312512
1662138232614313728
1662138232656314624
1662138232695315456
1662138232737316352
1662138232782317312
1662138232833318400
1662138232875319296
1662138232917320192
1662138232959321088
1662138233001321984
1662138233046322944
1662138233088323840
1662138233136324864
1662138233187325952
1662138233232326912
1662138233280327936
1662138233322328832
1662138233364329728
1662138233409330688
1662138233451331584
1662138233493332480
1662138233535333376
1662138233580334336
1662138233625335296
1662138233667336192
1662138233715337216
1662138233757338112
1662138233805339136
1662138233856340224
1662138233895341056
1662138233940342016
1662138233979342848
1662138234021343744
1662138234066344704
1662138234108345600
1662138234153346560
1662138234192347392
1662138234237348352
1662138234282349312
1662138234324350208
1662138234366351104
1662138234408352000
1662138234453352960
1662138234504354048
1662138234549355008
1662138234591355904
1662138234645357056
1662138234690358016
1662138234735358976
1662138234780359936
1662138234828360960
1662138234870361856
1662138234912362752
1662138234957363712
1662138235002364672
1662138235050365696
1662138235095366656
1662138235143367680
1662138235194368768
1662138235236369664
1662138235275370496
1662138235317371392
1662138235359372288
1662138235407373312
1662138235452374272
1662138235497375232
1662138235545376256
1662138235596377344
1662138235644378368
1662138235686379264
1662138235728380160
1662138235773381120
1662138235812381952
1662138235854382848
1662138235905383936
1662138235947384832
1662138235989385728
1662138236037386752
1662138236079387648
1662138236121388544
1662138236163389440
1662138236211390464
1662138236256391424
1662138236298392320
1662138236340393216
1662138236388394240
1662138236430395136
1662138236475396096
1662138236520397056
1662138236565398016
1662138236607398912
1662138236652399872
1662138236706401024
1662138236748401920
1662138236796402944
1662138236844403968
1662138236886404864
1662138236931405824
1662138236976406784
1662138237018407680
1662138237066408704
1662138237108409600
1662138237150410496
1662138237201411584
1662138237246412544
1662138237288413440
1662138237336414464
1662138237378415360
1662138237423416320
1662138237471417344
1662138237513418240
1662138237555419136
1662138237597420032
1662138237642420992
1662138237687421952
1662138237729422848
1662138237771423744
1662138237813424640
1662138237852425472
1662138237894426368
1662138237939427328
1662138237981428224
1662138238023429120
1662138238065430016
1662138238110430976
1662138238152431872
1662138238197432832
1662138238248433920
1662138238299435008
1662138238350436096
1662138238392436992
1662138238434437888
1662138238476438784
1662138238515439616
1662138238563440640
1662138238608441600
1662138238653442560
1662138238695443456
1662138238737444352
1662138238779445248
1662138238821446144
1662138238863447040
1662138238905447936
1662138238956449024
1662138239001449984
1662138239049451008
1662138239091451904
1662138239130452736
1662138239169453568
1662138239211454464
1662138239259455488
1662138239304456448
1662138239349457408
1662138239400458496
1662138239451459584
1662138239499460608
1662138239541461504
1662138239586462464
1662138239640463616
1662138239682464512
1662138239733465600
1662138239778466560
1662138239823467520
1662138239865468416
1662138239910469376
1662138239961470464
1662138240006471424
1662138240048472320
1662138240096473344
1662138240141474304
1662138240183475200
1662138240225476096
1662138240270477056
1662138240315478016
1662138240357478912
1662138240402479872
1662138240447480832
1662138240492481792
1662138240534482688
1662138240576483584
1662138240618484480
1662138240663485440
1662138240717486592
1662138240762487552
1662138240810488576
1662138240849489408
1662138240897490432
1662138240945491456
1662138240987492352
1662138241032493312
1662138241077494272
1662138241122495232
1662138241167496192
1662138241209497088
1662138241257498112
1662138241299499008
1662138241344499968
1662138241389500928
1662138241434501888
1662138241479502848
1662138241527503872
1662138241569504768
1662138241608505600
1662138241650506496
1662138241695507456
1662138241743508480
1662138241785509376
1662138241830510336
1662138241878511360
1662138241923512320
1662138241974513408
1662138242019514368
1662138242061515264
1662138242106516224
1662138242151517184
1662138242193518080
1662138242235518976
1662138242277519872
1662138242319520768
1662138242361521664
1662138242406522624
1662138242454523648
1662138242499524608
1662138242538525440
1662138242580526336
1662138242622527232
1662138242667528192
1662138242712529152
1662138242754530048
1662138242796530944
1662138242844531968
1662138242889532928
1662138242931533824
1662138242982534912
1662138243030535936
1662138243072536832
1662138243114537728
1662138243159538688
1662138243204539648
1662138243249540608
1662138243294541568
1662138243336542464
1662138243381543424
1662138243423544320
1662138243465545216
1662138243510546176
1662138243552547072
1662138243594547968
1662138243639548928
1662138243681549824
1662138243723550720
1662138243765551616
1662138243810552576
1662138243861553664
1662138243900554496
1662138243948555520
1662138243996556544
1662138244044557568
1662138244086558464
1662138244131559424
1662138244173560320
1662138244218561280
1662138244260562176
1662138244308563200
1662138244350564096
1662138244392564992
1662138244431565824
1662138244473566720
1662138244515567616
1662138244557568512
1662138244599569408
1662138244641570304
1662138244689571328
1662138244737572352
1662138244782573312
1662138244824574208
1662138244866575104
1662138244914576128
1662138244965577216
1662138245010578176
1662138245058579200
1662138245106580224
1662138245151581184
1662138245196582144
1662138245244583168
1662138245292584192
1662138245337585152
1662138245391586304
1662138245442587392
1662138245487588352
1662138245535589376
1662138245577590272
1662138245619591168
1662138245667592192
1662138245706593024
1662138245754594048
1662138245796594944
1662138245847596032
1662138245895597056
1662138245937597952
1662138245982598912
1662138246027599872
1662138246078600960
1662138246123601920
1662138246174603008
1662138246216603904
1662138246258604800
1662138246300605696
1662138246345606656
1662138246387607552
1662138246435608576
1662138246480609536
1662138246522610432
1662138246567611392
1662138246609612288
1662138246654613248
1662138246699614208
1662138246744615168
1662138246786616064
1662138246825616896
1662138246876617984
1662138246918618880
1662138246960619776
1662138247011620864
1662138247053621760
1662138247104622848
1662138247149623808
1662138247191624704
1662138247233625600
1662138247284626688
1662138247329627648
1662138247371628544
1662138247419629568
1662138247461630464
1662138247509631488
1662138247554632448
1662138247599633408
1662138247650634496
1662138247692635392
1662138247740636416
1662138247782637312
1662138247833638400
1662138247875639296
1662138247917640192
1662138247959641088
1662138248007642112
1662138248049643008
1662138248097644032
1662138248139644928
1662138248181645824
1662138248229646848
1662138248268647680
1662138248313648640
1662138248355649536
1662138248400650496
1662138248442651392
1662138248487652352
1662138248532653312
1662138248571654144
1662138248616655104
1662138248655655936
1662138248697656832
1662138248739657728
1662138248784658688
1662138248832659712
1662138248874660608
1662138248919661568
1662138248967662592
1662138249015663616
1662138249057664512
1662138249105665536
1662138249150666496
1662138249198667520
1662138249240668416
1662138249282669312
1662138249324670208
1662138249366671104
1662138249411672064
1662138249456673024
1662138249501673984
1662138249546674944
1662138249594675968
1662138249636676864
1662138249678677760
1662138249726678784
1662138249768679680
1662138249810680576
1662138249855681536
1662138249897682432
1662138249942683392
1662138249990684416
1662138250032685312
1662138250080686336
1662138250122687232
1662138250170688256
1662138250215689216
1662138250257690112
1662138250305691136
1662138250347692032
1662138250398693120
1662138250440694016
1662138250485694976
1662138250527695872
1662138250569696768
1662138250614697728
1662138250662698752
1662138250707699712
1662138250752700672
1662138250800701696
1662138250845702656
1662138250887703552
1662138250938704640
1662138250980705536
1662138251022706432
1662138251067707392
1662138251112708352
1662138251154709248
1662138251196710144
1662138251238711040
1662138251280711936
1662138251322712832
1662138251364713728
1662138251409714688
1662138251451715584
1662138251493716480
1662138251541717504
1662138251583718400
1662138251628719360
1662138251676720384
1662138251715721216
1662138251757722112
1662138251808723200
1662138251853724160
1662138251898725120
1662138251937725952
1662138251985726976
1662138252027727872
1662138252072728832
1662138252114729728
1662138252156730624
1662138252198731520
1662138252246732544
1662138252285733376
1662138252327734272
1662138252372735232
1662138252420736256
1662138252459737088
1662138252501737984
1662138252546738944
1662138252591739904
1662138252633740800
1662138252690742016
1662138252735742976
1662138252783744000
1662138252831745024
1662138252873745920
1662138252915746816
1662138252957747712
1662138252996748544
1662138253041749504
1662138253083750400
1662138253125751296
1662138253167752192
1662138253215753216
1662138253263754240
1662138253314755328
1662138253353756160
1662138253398757120
1662138253443758080
1662138253494759168
1662138253536760064
1662138253581761024
1662138253629762048
1662138253683763200
1662138253725764096
1662138253770765056
1662138253818766080
1662138253857766912
1662138253899767808
1662138253953768960
1662138254001769984
1662138254043770880
1662138254088771840
1662138254136772864
1662138254181773824
1662138254223774720
1662138254265775616
1662138254310776576
1662138254361777664
1662138254406778624
1662138254451779584
1662138254496780544
1662138254532781312
1662138254577782272
1662138254622783232
1662138254670784256
1662138254709785088
1662138254751785984
1662138254799787008
1662138254841787904
1662138254883788800
1662138254931789824
1662138254979790848
1662138255024791808
1662138255069792768
1662138255111793664
1662138255153794560
1662138255195795456
1662138255237796352
1662138255282797312
1662138255333798400
1662138255378799360
1662138255423800320
1662138255462801152
1662138255507802112
1662138255549803008
1662138255588803840
1662138255633804800
1662138255675805696
1662138255717806592
1662138255759807488
1662138255801808384
1662138255846809344
1662138255894810368
1662138255936811264
1662138255981812224
1662138256023813120
1662138256065814016
1662138256113815040
1662138256161816064
1662138256206817024
1662138256242817792
1662138256281818624
1662138256329819648
1662138256371820544
1662138256419821568
1662138256464822528
1662138256506823424
1662138256554824448
1662138256596825344
1662138256638826240
1662138256683827200
1662138256725828096
1662138256770829056
1662138256812829952
1662138256860830976
1662138256911832064
1662138256956833024
1662138257001833984
1662138257052835072
1662138257094835968
1662138257139836928
1662138257184837888
1662138257235838976
1662138257277839872
1662138257328840960
1662138257370841856
1662138257412842752
1662138257454843648
1662138257496844544
1662138257544845568
1662138257586846464
1662138257628847360
1662138257670848256
1662138257724849408
1662138257769850368
1662138257811851264
1662138257853852160
1662138257895853056
1662138257937853952
1662138257979854848
1662138258021855744
1662138258069856768
1662138258117857792
1662138258156858624
1662138258201859584
1662138258246860544
1662138258294861568
1662138258342862592
1662138258387863552
1662138258429864448
1662138258471865344
1662138258516866304
1662138258567867392
1662138258609868288
1662138258654869248
1662138258696870144
1662138258741871104
1662138258786872064
1662138258825872896
1662138258867873792
1662138258912874752
1662138258957875712
1662138259005876736
1662138259047877632
1662138259095878656
1662138259149879808
1662138259200880896
1662138259242881792
1662138259287882752
1662138259335883776
1662138259386884864
1662138259428885760
1662138259470886656
1662138259512887552
1662138259560888576
1662138259602889472
1662138259647890432
1662138259689891328
1662138259734892288
1662138259776893184
1662138259824894208
1662138259866895104
1662138259911896064
1662138259956897024
1662138259998897920
1662138260040898816
1662138260088899840
1662138260133900800
1662138260175901696
1662138260226902784
1662138260268903680
1662138260316904704
1662138260364905728
1662138260406906624
1662138260448907520
1662138260490908416
1662138260529909248
1662138260574910208
1662138260616911104
1662138260667912192
1662138260721913344
1662138260769914368
1662138260814915328
1662138260856916224
1662138260898917120
1662138260937917952
1662138260985918976
1662138261036920064
1662138261081921024
1662138261120921856
1662138261165922816
1662138261207923712
1662138261252924672
1662138261300925696
1662138261342926592
1662138261384927488
1662138261441928704
1662138261483929600
1662138261528930560
1662138261573931520
1662138261618932480
1662138261666933504
1662138261708934400
1662138261753935360
1662138261801936384
1662138261849937408
1662138261900938496
1662138261945939456
1662138261987940352
1662138262026941184
1662138262074942208
1662138262116943104
1662138262164944128
1662138262209945088
1662138262254946048
1662138262296946944
1662138262350948096
1662138262395949056
1662138262437949952
1662138262482950912
1662138262533952000
1662138262575952896
1662138262617953792
1662138262668954880
1662138262716955904
1662138262767956992
1662138262815958016
1662138262857958912
1662138262905959936
1662138262950960896
1662138262992961792
1662138263043962880
1662138263088963840
1662138263130964736
1662138263178965760
1662138263220966656
1662138263265967616
1662138263304968448
1662138263355969536
1662138263400970496
1662138263451971584
1662138263493972480
1662138263544973568
1662138263592974592
1662138263634975488
1662138263673976320
1662138263718977280
1662138263763978240
1662138263811979264
1662138263859980288
1662138263901981184
1662138263949982208
1662138263991983104
1662138264036984064
1662138264087985152
1662138264129986048
1662138264174987008
1662138264219987968
1662138264258988800
1662138264303989760
1662138264354990848
1662138264399991808
1662138264444992768
1662138264483993600
1662138264525994496
1662138264573995520
1662138264618996480
1662138264660997376
1662138264702998272
1662138264762999552
1662138264808000512
1662138264850001408
1662138264898002432
1662138264943003392
1662138264985004288
1662138265030005248
1662138265072006144
1662138265114007040
1662138265159008000
1662138265207009024
1662138265249009920
1662138265300011008
1662138265348012032
1662138265390012928
1662138265432013824
1662138265477014784
1662138265522015744
1662138265564016640
1662138265606017536
1662138265651018496
1662138265696019456
1662138265744020480
1662138265786021376
1662138265831022336
1662138265873023232
1662138265918024192
1662138265966025216
1662138266008026112
1662138266050027008
1662138266095027968
1662138266146029056
1662138266188029952
1662138266239031040
1662138266284032000
1662138266332033024
1662138266371033856
1662138266413034752
1662138266455035648
1662138266497036544
1662138266542037504
1662138266587038464
1662138266629039360
1662138266674040320
1662138266725041408
1662138266770042368
1662138266821043456
1662138266863044352
1662138266908045312
1662138266950046208
1662138266992047104
1662138267037048064
1662138267079048960
1662138267121049856
1662138267166050816
1662138267208051712
1662138267253052672
1662138267298053632
1662138267343054592
1662138267391055616
1662138267433056512
1662138267475057408
1662138267520058368
1662138267568059392
1662138267610060288
1662138267649061120
1662138267694062080
1662138267739063040
1662138267778063872
1662138267820064768
1662138267862065664
1662138267907066624
1662138267952067584
1662138267994068480
1662138268039069440
1662138268078070272
1662138268117071104
1662138268165072128
1662138268210073088
1662138268264074240
1662138268306075136
1662138268348076032
1662138268387076864
1662138268429077760
1662138268471078656
1662138268519079680
1662138268564080640
1662138268606081536
1662138268657082624
1662138268696083456
1662138268744084480
1662138268792085504
1662138268831086336
1662138268879087360
1662138268924088320
1662138268972089344
1662138269017090304
1662138269068091392
1662138269107092224
1662138269152093184
1662138269194094080
1662138269236094976
1662138269290096128
1662138269335097088
1662138269377097984
1662138269419098880
1662138269464099840
1662138269506100736
1662138269548101632
1662138269590102528
1662138269632103424
1662138269680104448
1662138269731105536
1662138269776106496
1662138269818107392
1662138269863108352
1662138269905109248
1662138269956110336
1662138269998111232
1662138270040112128
1662138270085113088
1662138270130114048
1662138270172114944
1662138270217115904
1662138270262116864
1662138270304117760
1662138270352118784
1662138270394119680
1662138270442120704
1662138270484121600
1662138270529122560
1662138270571123456
1662138270613124352
1662138270661125376
1662138270703126272
1662138270745127168
1662138270790128128
1662138270841129216
1662138270886130176
1662138270928131072
1662138270973132032
1662138271015132928
1662138271063133952
1662138271108134912
1662138271156135936
1662138271201136896
1662138271243137792
1662138271294138880
1662138271336139776
1662138271384140800
1662138271426141696
1662138271477142784
1662138271519143680
1662138271558144512
1662138271600145408
1662138271645146368
1662138271690147328
1662138271729148160
1662138271777149184
1662138271819150080
1662138271864151040
1662138271912152064
1662138271954152960
1662138271996153856
1662138272038154752
1662138272080155648
1662138272125156608
1662138272173157632
1662138272215158528
1662138272260159488
1662138272305160448
1662138272347161344
1662138272389162240
1662138272434163200
1662138272485164288
1662138272530165248
1662138272572166144
1662138272614167040
1662138272659168000
1662138272716169216
1662138272758170112
1662138272803171072
1662138272848172032
1662138272893172992
1662138272935173888
1662138272983174912
1662138273028175872
1662138273070176768
1662138273118177792
1662138273172178944
1662138273217179904
1662138273265180928
1662138273313181952
1662138273358182912
1662138273406183936
1662138273448184832
1662138273490185728
1662138273538186752
1662138273583187712
1662138273634188800
1662138273676189696
1662138273721190656
1662138273766191616
1662138273808192512
1662138273850193408
1662138273892194304
1662138273931195136
1662138273970195968
1662138274012196864
1662138274057197824
1662138274099198720
1662138274141199616
1662138274183200512
1662138274231201536
1662138274279202560
1662138274324203520
1662138274372204544
1662138274414205440
1662138274459206400
1662138274501207296
1662138274549208320
1662138274591209216
1662138274633210112
1662138274681211136
1662138274729212160
1662138274771213056
1662138274813213952
1662138274855214848
1662138274897215744
1662138274939216640
1662138274981217536
1662138275026218496
1662138275071219456
1662138275113220352
1662138275155221248
1662138275197222144
1662138275242223104
1662138275287224064
1662138275332225024
1662138275380226048
1662138275425227008
1662138275473228032
1662138275518228992
1662138275563229952
1662138275602230784
1662138275647231744
1662138275689232640
1662138275734233600
1662138275776234496
1662138275821235456
1662138275863236352
1662138275905237248
1662138275953238272
1662138275998239232
1662138276040240128
1662138276085241088
1662138276133242112
1662138276178243072
1662138276220243968
1662138276265244928
1662138276307245824
1662138276355246848
1662138276394247680
1662138276445248768
1662138276487249664
1662138276529250560
1662138276577251584
1662138276622252544
1662138276673253632
1662138276718254592
1662138276760255488
1662138276802256384
1662138276850257408
1662138276892258304
1662138276940259328
1662138276982260224
1662138277030261248
1662138277072262144
1662138277120263168
1662138277165264128
1662138277210265088
1662138277252265984
1662138277303267072
1662138277342267904
1662138277384268800
1662138277423269632
1662138277465270528
1662138277507271424
1662138277555272448
1662138277600273408
1662138277645274368
1662138277696275456
1662138277741276416
1662138277783277312
1662138277825278208
1662138277864279040
1662138277906279936
1662138277951280896
1662138277999281920
1662138278044282880
1662138278086283776
1662138278125284608
1662138278179285760
1662138278224286720
1662138278266287616
1662138278308288512
1662138278350289408
1662138278398290432
1662138278443291392
1662138278485292288
1662138278524293120
1662138278566294016
1662138278608294912
1662138278662296064
1662138278710297088
1662138278752297984
1662138278800299008
1662138278845299968
1662138278887300864
1662138278929301760
1662138278971302656
1662138279016303616
1662138279058304512
1662138279100305408
1662138279151306496
1662138279196307456
1662138279244308480
1662138279295309568
1662138279343310592
1662138279385311488
1662138279430312448
1662138279475313408
1662138279526314496
1662138279571315456
1662138279634316800
1662138279673317632
1662138279721318656
1662138279766319616
1662138279820320768
1662138279862321664
1662138279907322624
1662138279952323584
1662138279994324480
1662138280039325440
1662138280081326336
1662138280126327296
1662138280174328320
1662138280222329344
1662138280264330240
1662138280306331136
1662138280348332032
1662138280390332928
1662138280438333952
1662138280483334912
1662138280525335808
1662138280567336704
1662138280615337728
1662138280663338752
1662138280705339648
1662138280747340544
1662138280792341504
1662138280834342400
1662138280879343360
1662138280921344256
1662138280966345216
1662138281011346176
1662138281056347136
1662138281104348160
1662138281152349184
1662138281194350080
1662138281242351104
1662138281287352064
1662138281338353152
1662138281380354048
1662138281419354880
1662138281461355776
1662138281503356672
1662138281557357824
1662138281599358720
1662138281644359680
1662138281689360640
1662138281731361536
1662138281782362624
1662138281824363520
1662138281878364672
1662138281926365696
1662138281971366656
1662138282022367744
1662138282064368640
1662138282106369536
1662138282148370432
1662138282190371328
1662138282232372224
1662138282271373056
1662138282313373952
1662138282352374784
1662138282397375744
1662138282442376704
1662138282484377600
1662138282532378624
1662138282574379520
1662138282619380480
1662138282661381376
1662138282703382272
1662138282745383168
1662138282787384064
1662138282829384960
1662138282889386240
1662138282934387200
1662138282976388096
1662138283024389120
1662138283066390016
1662138283108390912
1662138283153391872
1662138283195392768
1662138283237393664
1662138283279394560
1662138283330395648
1662138283375396608
1662138283426397696
1662138283477398784
1662138283519399680
1662138283561400576
1662138283603401472
1662138283645402368
1662138283687403264
1662138283729404160
1662138283768404992
1662138283810405888
1662138283855406848
1662138283900407808
1662138283942408704
1662138283987409664
1662138284032410624
1662138284077411584
1662138284122412544
1662138284167413504
1662138284212414464
1662138284254415360
1662138284302416384
1662138284350417408
1662138284404418560
1662138284446419456
1662138284488420352
1662138284536421376
1662138284584422400
1662138284626423296
1662138284668424192
1662138284728425472
1662138284770426368
1662138284812427264
1662138284854428160
1662138284896429056
1662138284941430016
1662138284992431104
1662138285037432064
1662138285082433024
1662138285130434048
1662138285178435072
1662138285229436160
1662138285271437056
1662138285319438080
1662138285370439168
1662138285418440192
1662138285460441088
1662138285502441984
1662138285550443008
1662138285601444096
1662138285655445248
1662138285694446080
1662138285742447104
1662138285784448000
1662138285826448896
1662138285880450048
1662138285928451072
1662138285970451968
1662138286012452864
1662138286057453824
1662138286108454912
1662138286165456128
1662138286207457024
1662138286249457920
1662138286297458944
1662138286342459904
1662138286390460928
1662138286435461888
1662138286480462848
1662138286519463680
1662138286564464640
1662138286609465600
1662138286660466688
1662138286711467776
1662138286756468736
1662138286804469760
1662138286852470784
1662138286891471616
1662138286933472512
1662138286975473408
1662138287020474368
1662138287071475456
1662138287113476352
1662138287152477184
1662138287197478144
1662138287239479040
1662138287281479936
1662138287320480768
1662138287362481664
1662138287416482816
1662138287458483712
1662138287500484608
1662138287545485568
1662138287587486464
1662138287629487360
1662138287677488384
1662138287719489280
1662138287761490176
1662138287806491136
1662138287851492096
1662138287893492992
1662138287938493952
1662138287983494912
1662138288025495808
1662138288067496704
1662138288118497792
1662138288157498624
1662138288199499520
1662138288238500352
1662138288283501312
1662138288325502208
1662138288373503232
1662138288418504192
1662138288460505088
1662138288502505984
1662138288547506944
1662138288592507904
1662138288634508800
1662138288676509696
1662138288718510592
1662138288763511552
1662138288814512640
1662138288856513536
1662138288898514432
1662138288940515328
1662138288985516288
1662138289027517184
1662138289075518208
1662138289117519104
1662138289159520000
1662138289201520896
1662138289246521856
1662138289291522816
1662138289336523776
1662138289384524800
1662138289435525888
1662138289480526848
1662138289528527872
1662138289576528896
1662138289621529856
1662138289663530752
1662138289711531776
1662138289759532800
1662138289810533888
1662138289852534784
1662138289897535744
1662138289942536704
1662138289981537536
1662138290026538496
1662138290068539392
1662138290122540544
1662138290167541504
1662138290215542528
1662138290260543488
1662138290302544384
1662138290350545408
1662138290392546304
1662138290446547456
1662138290494548480
1662138290539549440
1662138290584550400
1662138290626551296
1662138290674552320
1662138290725553408
1662138290767554304
1662138290815555328
1662138290857556224
1662138290899557120
1662138290944558080
1662138290995559168
1662138291037560064
1662138291082561024
1662138291124561920
1662138291166562816
1662138291208563712
1662138291253564672
1662138291304565760
1662138291352566784
1662138291394567680
1662138291439568640
1662138291484569600
1662138291532570624
1662138291574571520
1662138291622572544
1662138291667573504
1662138291712574464
1662138291760575488
1662138291802576384
1662138291844577280
1662138291889578240
1662138291931579136
1662138291979580160
1662138292021581056
1662138292063581952
1662138292105582848
1662138292147583744
1662138292198584832
1662138292243585792
1662138292288586752
1662138292333587712
1662138292378588672
1662138292429589760
1662138292471590656
1662138292510591488
1662138292552592384
1662138292597593344
1662138292645594368
1662138292687595264
1662138292726596096
1662138292768596992
1662138292813597952
1662138292861598976
1662138292903599872
1662138292948600832
1662138292990601728
1662138293032602624
1662138293077603584
1662138293125604608
1662138293170605568
1662138293218606592
1662138293266607616
1662138293311608576
1662138293359609600
1662138293404610560
1662138293446611456
1662138293488612352
1662138293533613312
1662138293581614336
1662138293623615232
1662138293665616128
1662138293710617088
1662138293755618048
1662138293800619008
1662138293845619968
1662138293887620864
1662138293929621760
1662138293989623040
1662138294037624064
1662138294085625088
1662138294127625984
1662138294172626944
1662138294214627840
1662138294265628928
1662138294307629824
1662138294349630720
1662138294394631680
1662138294436632576
1662138294481633536
1662138294526634496
1662138294574635520
1662138294619636480
1662138294661637376
1662138294706638336
1662138294751639296
1662138294796640256
1662138294841641216
1662138294886642176
1662138294931643136
1662138294973644032
1662138295018644992
1662138295063645952
1662138295105646848
1662138295153647872
1662138295195648768
1662138295246649856
1662138295288650752
1662138295339651840
1662138295384652800
1662138295426653696
1662138295480654848
1662138295531655936
1662138295573656832
1662138295618657792
1662138295663658752
1662138295708659712
1662138295765660928
1662138295810661888
1662138295852662784
1662138295897663744
1662138295936664576
1662138295975665408
1662138296026666496
1662138296068667392
1662138296110668288
1662138296155669248
1662138296200670208
1662138296242671104
1662138296284672000
1662138296329672960
1662138296380674048
1662138296419674880
1662138296470675968
1662138296512676864
1662138296554677760
1662138296602678784
1662138296644679680
1662138296686680576
1662138296737681664
1662138296779682560
1662138296821683456
1662138296872684544
1662138296917685504
1662138296959686400
1662138297016687616
1662138297061688576
1662138297109689600
1662138297154690560
1662138297193691392
1662138297235692288
1662138297289693440
1662138297337694464
1662138297382695424
1662138297424696320
1662138297466697216
1662138297508698112
1662138297559699200
1662138297601700096
1662138297646701056
1662138297697702144
1662138297742703104
1662138297784704000
1662138297823704832
1662138297862705664
1662138297901706496
1662138297952707584
1662138298000708608
1662138298045709568
1662138298090710528
1662138298141711616
1662138298183712512
1662138298225713408
1662138298270714368
1662138298315715328
1662138298360716288
1662138298405717248
1662138298447718144
1662138298492719104
1662138298534720000
1662138298576720896
1662138298618721792
1662138298660722688
1662138298702723584
1662138298744724480
1662138298798725632
1662138298840726528
1662138298888727552
1662138298936728576
1662138298981729536
1662138299023730432
1662138299065731328
1662138299107732224
1662138299155733248
1662138299197734144
1662138299239735040
1662138299287736064
1662138299329736960
1662138299374737920
1662138299428739072
1662138299479740160
1662138299527741184
1662138299578742272
1662138299620743168
1662138299662744064
1662138299707745024
1662138299749745920
1662138299803747072
1662138299848748032
1662138299902749184
1662138299944750080
1662138299986750976
1662138300028751872
1662138300073752832
1662138300118753792
1662138300160754688
1662138300199755520
1662138300241756416
1662138300286757376
1662138300331758336
1662138300373759232
1662138300421760256
1662138300463761152
1662138300505762048
1662138300559763200
1662138300601764096
1662138300643764992
1662138300691766016
1662138300730766848
1662138300781767936
1662138300823768832
1662138300865769728
1662138300904770560
1662138300949771520
1662138300997772544
1662138301039773440
1662138301087774464
1662138301129775360
1662138301174776320
1662138301222777344
1662138301264778240
1662138301306779136
1662138301351780096
1662138301399781120
1662138301441782016
1662138301489783040
1662138301531783936
1662138301573784832
1662138301621785856
1662138301666786816
1662138301708787712
1662138301753788672
1662138301795789568
1662138301837790464
1662138301879791360
1662138301927792384
1662138301978793472
1662138302023794432
1662138302065795328
1662138302116796416
1662138302167797504
1662138302215798528
1662138302266799616
1662138302308800512
1662138302356801536
1662138302398802432
1662138302446803456
1662138302488804352
1662138302533805312
1662138302587806464
1662138302629807360
1662138302671808256
1662138302713809152
1662138302758810112
1662138302803811072
1662138302851812096
1662138302896813056
1662138302938813952
1662138302983814912
1662138303025815808
1662138303073816832
1662138303118817792
1662138303163818752
1662138303208819712
1662138303256820736
1662138303298821632
1662138303340822528
1662138303391823616
1662138303439824640
1662138303487825664
1662138303532826624
1662138303577827584
1662138303625828608
1662138303667829504
1662138303709830400
1662138303754831360
1662138303799832320
1662138303844833280
1662138303886834176
1662138303937835264
1662138303982836224
1662138304024837120
1662138304066838016
1662138304114839040
1662138304171840256
1662138304213841152
1662138304264842240
1662138304309843200
1662138304357844224
1662138304405845248
1662138304450846208
1662138304492847104
1662138304540848128
1662138304585849088
1662138304627849984
1662138304675851008
1662138304720851968
1662138304765852928
1662138304813853952
1662138304855854848
1662138304903855872
1662138304948856832
1662138304999857920
1662138305047858944
1662138305089859840
1662138305140860928
1662138305194862080
1662138305239863040
1662138305278863872
1662138305326864896
1662138305374865920
1662138305419866880
1662138305461867776
1662138305509868800
1662138305557869824
1662138305599870720
1662138305647871744
1662138305689872640
1662138305734873600
1662138305776874496
1662138305830875648
1662138305878876672
1662138305929877760
1662138305974878720
1662138306019879680
1662138306073880832
1662138306115881728
1662138306160882688
1662138306202883584
1662138306250884608
1662138306292885504
1662138306334886400
1662138306376887296
1662138306421888256
1662138306463889152
1662138306505890048
1662138306565891328
1662138306610892288
1662138306652893184
1662138306694894080
1662138306742895104
1662138306787896064
1662138306838897152
1662138306880898048
1662138306925899008
1662138306970899968
1662138307021901056
1662138307060901888
1662138307105902848
1662138307147903744
1662138307192904704
1662138307237905664
1662138307288906752
1662138307327907584
1662138307375908608
1662138307420909568
1662138307468910592
1662138307516911616
1662138307561912576
1662138307612913664
1662138307654914560
1662138307705915648
1662138307753916672
1662138307801917696
1662138307852918784
1662138307900919808
1662138307948920832
1662138307990921728
1662138308032922624
1662138308080923648
1662138308125924608
1662138308176925696
1662138308221926656
1662138308266927616
1662138308308928512
1662138308356929536
1662138308401930496
1662138308446931456
1662138308494932480
1662138308545933568
1662138308584934400
1662138308623935232
1662138308668936192
1662138308713937152
1662138308758938112
1662138308800939008
1662138308845939968
1662138308887940864
1662138308929941760
1662138308980942848
1662138309022943744
1662138309064944640
1662138309109945600
1662138309157946624
1662138309205947648
1662138309256948736
1662138309301949696
1662138309352950784
1662138309397951744
1662138309442952704
1662138309493953792
1662138309535954688
1662138309583955712
1662138309634956800
1662138309676957696
1662138309718958592
1662138309763959552
1662138309805960448
1662138309859961600
1662138309907962624
1662138309949963520
1662138310006964736
1662138310048965632
1662138310090966528
1662138310138967552
1662138310183968512
1662138310225969408
1662138310282970624
1662138310321971456
1662138310363972352
1662138310411973376
1662138310456974336
1662138310501975296
1662138310552976384
1662138310594977280
1662138310639978240
1662138310684979200
1662138310729980160
1662138310771981056
1662138310819982080
1662138310861982976
1662138310909984000
1662138310960985088
1662138311011986176
1662138311065987328
1662138311110988288
1662138311152989184
1662138311194990080
1662138311239991040
1662138311284992000
1662138311332993024
1662138311380994048
1662138311428995072
1662138311479996160
1662138311530997248
1662138311578998272
1662138311623999232
1662138311675000320
1662138311717001216
1662138311759002112
1662138311804003072
1662138311855004160
1662138311906005248
1662138311951006208
1662138311993007104
1662138312044008192
1662138312089009152
1662138312134010112
1662138312179011072
1662138312224012032
1662138312266012928
1662138312314013952
1662138312362014976
1662138312407015936
1662138312449016832
1662138312497017856
1662138312536018688
1662138312593019904
1662138312638020864
1662138312686021888
1662138312731022848
1662138312782023936
1662138312830024960
1662138312878025984
1662138312920026880
1662138312962027776
1662138313010028800
1662138313064029952
1662138313112030976
1662138313163032064
1662138313208033024
1662138313253033984
1662138313301035008
1662138313343035904
1662138313388036864
1662138313427037696
1662138313472038656
1662138313517039616
1662138313565040640
1662138313610041600
1662138313658042624
1662138313703043584
1662138313748044544
1662138313787045376
1662138313841046528
1662138313886047488
1662138313931048448
1662138313976049408
1662138314021050368
1662138314063051264
1662138314111052288
1662138314156053248
1662138314201054208
1662138314258055424
1662138314303056384
1662138314345057280
1662138314387058176
1662138314432059136
1662138314474060032
1662138314516060928
1662138314564061952
1662138314612062976
1662138314657063936
1662138314696064768
1662138314738065664
1662138314783066624
1662138314783066624
1662138314828067584
1662138314873068544
1662138314915069440
1662138314957070336
1662138314999071232
1662138315041072128
1662138315080072960
1662138315128073984
1662138315176075008
1662138315224076032
1662138315269076992
1662138315317078016
1662138315362078976
1662138315410080000
1662138315461081088
1662138315509082112
1662138315551083008
1662138315599084032
1662138315641084928
1662138315683085824
1662138315728086784
1662138315770087680
1662138315815088640
1662138315854089472
1662138315905090560
1662138315947091456
1662138315992092416
1662138316037093376
1662138316082094336
1662138316133095424
1662138316178096384
1662138316223097344
1662138316265098240
1662138316310099200
1662138316358100224
1662138316397101056
1662138316442102016
1662138316493103104
1662138316538104064
1662138316583105024
1662138316625105920
1662138316676107008
1662138316727108096
1662138316772109056
1662138316814109952
1662138316859110912
1662138316901111808
1662138316946112768
1662138316994113792
1662138317036114688
1662138317081115648
1662138317123116544
1662138317165117440
