1662135911410189568
1662135911452190464
1662135911491191296
1662135911539192320
1662135911584193280
1662135911638194432
1662135911683195392
1662135911731196416
1662135911776197376
1662135911824198400
1662135911866199296
1662135911908200192
1662135911953201152
1662135912001202176
1662135912052203264
1662135912094204160
1662135912136205056
1662135912181206016
1662135912232207104
1662135912280208128
1662135912322209024
1662135912370210048
1662135912412210944
1662135912454211840
1662135912496212736
1662135912538213632
1662135912583214592
1662135912625215488
1662135912667216384
1662135912712217344
1662135912754218240
1662135912796219136
1662135912844220160
1662135912889221120
1662135912928221952
1662135912970222848
1662135913015223808
1662135913057224704
1662135913108225792
1662135913159226880
1662135913210227968
1662135913249228800
1662135913306230016
1662135913351230976
1662135913396231936
1662135913441232896
1662135913492233984
1662135913540235008
1662135913585235968
1662135913639237120
1662135913681238016
1662135913729239040
1662135913774240000
1662135913825241088
1662135913867241984
1662135913909242880
1662135913951243776
1662135913993244672
1662135914041245696
1662135914086246656
1662135914131247616
1662135914173248512
1662135914218249472
1662135914260250368
1662135914302251264
1662135914350252288
1662135914392253184
1662135914437254144
1662135914491255296
1662135914530256128
1662135914569256960
1662135914611257856
1662135914653258752
1662135914698259712
1662135914740260608
1662135914782261504
1662135914824262400
1662135914866263296
1662135914908264192
1662135914953265152
1662135914998266112
1662135915046267136
1662135915091268096
1662135915136269056
1662135915181270016
1662135915223270912
1662135915277272064
1662135915325273088
1662135915364273920
1662135915415275008
1662135915457275904
1662135915499276800
1662135915544277760
1662135915586278656
1662135915628279552
1662135915676280576
1662135915718281472
1662135915772282624
1662135915811283456
1662135915853284352
1662135915907285504
1662135915949286400
1662135915994287360
1662135916039288320
1662135916093289472
1662135916135290368
1662135916177291264
1662135916222292224
1662135916267293184
1662135916309294080
1662135916351294976
1662135916393295872
1662135916438296832
1662135916486297856
1662135916531298816
1662135916573299712
1662135916621300736
1662135916669301760
1662135916714302720
1662135916759303680
1662135916807304704
1662135916849305600
1662135916891306496
1662135916933307392
1662135916984308480
1662135917035309568
1662135917080310528
1662135917125311488
1662135917167312384
1662135917212313344
1662135917257314304
1662135917311315456
1662135917356316416
1662135917395317248
1662135917437318144
1662135917482319104
1662135917524320000
1662135917569320960
1662135917623322112
1662135917668323072
1662135917716324096
1662135917758324992
1662135917800325888
1662135917839326720
1662135917887327744
1662135917929328640
1662135917971329536
1662135918013330432
1662135918052331264
1662135918094332160
1662135918136333056
1662135918178333952
1662135918220334848
1662135918262335744
1662135918307336704
1662135918361337856
1662135918406338816
1662135918448339712
1662135918508340992
1662135918550341888
1662135918592342784
1662135918643343872
1662135918685344768
1662135918733345792
1662135918775346688
1662135918817347584
1662135918856348416
1662135918898349312
1662135918946350336
1662135918994351360
1662135919036352256
1662135919078353152
1662135919120354048
1662135919159354880
1662135919201355776
1662135919246356736
1662135919294357760
1662135919342358784
1662135919387359744
1662135919429360640
1662135919474361600
1662135919513362432
1662135919555363328
1662135919597364224
1662135919645365248
1662135919690366208
1662135919732367104
1662135919774368000
1662135919816368896
1662135919861369856
1662135919906370816
1662135919951371776
1662135920005372928
1662135920047373824
1662135920095374848
1662135920140375808
1662135920185376768
1662135920230377728
1662135920272378624
1662135920314379520
1662135920356380416
1662135920398381312
1662135920440382208
1662135920488383232
1662135920536384256
1662135920578385152
1662135920617385984
1662135920659386880
1662135920704387840
1662135920749388800
1662135920797389824
1662135920851390976
1662135920896391936
1662135920941392896
1662135920983393792
1662135921025394688
1662135921070395648
1662135921115396608
1662135921154397440
1662135921196398336
1662135921250399488
1662135921292400384
1662135921358401792
1662135921406402816
1662135921448403712
1662135921496404736
1662135921544405760
1662135921595406848
1662135921640407808
1662135921685408768
1662135921724409600
1662135921775410688
1662135921823411712
1662135921865412608
1662135921907413504
1662135921952414464
1662135921997415424
1662135922039416320
1662135922081417216
1662135922123418112
1662135922165419008
1662135922207419904
1662135922249420800
1662135922300421888
1662135922345422848
1662135922390423808
1662135922435424768
1662135922480425728
1662135922522426624
1662135922567427584
1662135922609428480
1662135922654429440
1662135922705430528
1662135922750431488
1662135922792432384
1662135922840433408
1662135922897434624
1662135922942435584
1662135922987436544
1662135923029437440
1662135923071438336
1662135923113439232
1662135923155440128
1662135923203441152
1662135923245442048
1662135923284442880
1662135923326443776
1662135923365444608
1662135923407445504
1662135923449446400
1662135923491447296
1662135923533448192
1662135923578449152
1662135923620450048
1662135923674451200
1662135923716452096
1662135923758452992
1662135923800453888
1662135923848454912
1662135923890455808
1662135923932456704
1662135923983457792
1662135924025458688
1662135924079459840
1662135924121460736
1662135924163461632
1662135924208462592
1662135924268463872
1662135924310464768
1662135924355465728
1662135924394466560
1662135924436467456
1662135924481468416
1662135924532469504
1662135924577470464
1662135924616471296
1662135924667472384
1662135924709473280
1662135924751474176
1662135924793475072
1662135924835475968
1662135924883476992
1662135924925477888
1662135924973478912
1662135925015479808
1662135925057480704
1662135925099481600
1662135925147482624
1662135925186483456
1662135925228484352
1662135925273485312
1662135925315486208
1662135925360487168
1662135925408488192
1662135925453489152
1662135925495490048
1662135925540491008
1662135925582491904
1662135925624492800
1662135925663493632
1662135925708494592
1662135925750495488
1662135925798496512
1662135925846497536
1662135925888498432
1662135925930499328
1662135925987500544
1662135926035501568
1662135926077502464
1662135926122503424
1662135926164504320
1662135926209505280
1662135926263506432
1662135926311507456
1662135926353508352
1662135926401509376
1662135926449510400
1662135926488511232
1662135926530512128
1662135926578513152
1662135926620514048
1662135926665515008
1662135926707515904
1662135926749516800
1662135926791517696
1662135926833518592
1662135926875519488
1662135926914520320
1662135926959521280
1662135927001522176
1662135927055523328
1662135927097524224
1662135927148525312
1662135927199526400
1662135927238527232
1662135927280528128
1662135927322529024
1662135927367529984
1662135927406530816
1662135927445531648
1662135927487532544
1662135927538533632
1662135927580534528
1662135927622535424
1662135927664536320
1662135927709537280
1662135927760538368
1662135927802539264
1662135927850540288
1662135927892541184
1662135927937542144
1662135927988543232
1662135928030544128
1662135928075545088
1662135928120546048
1662135928162546944
1662135928207547904
1662135928255548928
1662135928303549952
1662135928345550848
1662135928393551872
1662135928435552768
1662135928477553664
1662135928519554560
1662135928561555456
1662135928603556352
1662135928645557248
1662135928687558144
1662135928729559040
1662135928774560000
1662135928822561024
1662135928864561920
1662135928912562944
1662135928954563840
1662135929002564864
1662135929041565696
1662135929083566592
1662135929125567488
1662135929167568384
1662135929212569344
1662135929257570304
1662135929299571200
1662135929341572096
1662135929386573056
1662135929428573952
1662135929467574784
1662135929512575744
1662135929566576896
1662135929608577792
1662135929659578880
1662135929707579904
1662135929749580800
1662135929800581888
1662135929842582784
1662135929884583680
1662135929926584576
1662135929968585472
1662135930010586368
1662135930061587456
1662135930103588352
1662135930154589440
1662135930199590400
1662135930241591296
1662135930283592192
1662135930328593152
1662135930367593984
1662135930415595008
1662135930460595968
1662135930511597056
1662135930553597952
1662135930598598912
1662135930640599808
1662135930685600768
1662135930730601728
1662135930778602752
1662135930820603648
1662135930865604608
1662135930907605504
1662135930952606464
1662135930997607424
1662135931039608320
1662135931081609216
1662135931135610368
1662135931180611328
1662135931222612224
1662135931270613248
1662135931321614336
1662135931372615424
1662135931420616448
1662135931465617408
1662135931507618304
1662135931549619200
1662135931591620096
1662135931639621120
1662135931684622080
1662135931726622976
1662135931774624000
1662135931819624960
1662135931870626048
1662135931912626944
1662135931960627968
1662135932002628864
1662135932065630208
1662135932107631104
1662135932149632000
1662135932209633280
1662135932254634240
1662135932299635200
1662135932350636288
1662135932392637184
1662135932434638080
1662135932482639104
1662135932524640000
1662135932566640896
1662135932608641792
1662135932650642688
1662135932695643648
1662135932743644672
1662135932785645568
1662135932830646528
1662135932875647488
1662135932917648384
1662135932959649280
1662135933004650240
1662135933049651200
1662135933091652096
1662135933133652992
1662135933178653952
1662135933223654912
1662135933268655872
1662135933310656768
1662135933358657792
1662135933403658752
1662135933454659840
1662135933499660800
1662135933541661696
1662135933589662720
1662135933631663616
1662135933679664640
1662135933718665472
1662135933757666304
1662135933802667264
1662135933853668352
1662135933898669312
1662135933940670208
1662135933979671040
1662135934024672000
1662135934066672896
1662135934111673856
1662135934156674816
1662135934210675968
1662135934255676928
1662135934297677824
1662135934345678848
1662135934387679744
1662135934429680640
1662135934468681472
1662135934513682432
1662135934555683328
1662135934600684288
1662135934642685184
1662135934684686080
1662135934729687040
1662135934771687936
1662135934816688896
1662135934858689792
1662135934900690688
1662135934942691584
1662135934990692608
1662135935032693504
1662135935077694464
1662135935119695360
1662135935158696192
1662135935209697280
1662135935251698176
1662135935293699072
1662135935344700160
1662135935389701120
1662135935431702016
1662135935482703104
1662135935524704000
1662135935572705024
1662135935620706048
1662135935668707072
1662135935713708032
1662135935758708992
1662135935803709952
1662135935845710848
1662135935887711744
1662135935932712704
1662135935974713600
1662135936019714560
1662135936067715584
1662135936106716416
1662135936154717440
1662135936196718336
1662135936235719168
1662135936277720064
1662135936325721088
1662135936367721984
1662135936415723008
1662135936457723904
1662135936499724800
1662135936544725760
1662135936592726784
1662135936631727616
1662135936679728640
1662135936727729664
1662135936772730624
1662135936814731520
1662135936856732416
1662135936907733504
1662135936949734400
1662135936997735424
1662135937045736448
1662135937093737472
1662135937135738368
1662135937180739328
1662135937222740224
1662135937267741184
1662135937306742016
1662135937351742976
1662135937396743936
1662135937435744768
1662135937477745664
1662135937522746624
1662135937567747584
1662135937609748480
1662135937660749568
1662135937705750528
1662135937756751616
1662135937804752640
1662135937846753536
1662135937903754752
1662135937942755584
1662135937984756480
1662135938032757504
1662135938071758336
1662135938119759360
1662135938161760256
1662135938212761344
1662135938254762240
1662135938308763392
1662135938350764288
1662135938395765248
1662135938452766464
1662135938500767488
1662135938539768320
1662135938584769280
1662135938629770240
1662135938671771136
1662135938716772096
1662135938764773120
1662135938815774208
1662135938863775232
1662135938905776128
1662135938953777152
1662135939001778176
1662135939043779072
1662135939094780160
1662135939142781184
1662135939187782144
1662135939235783168
1662135939274784000
1662135939322785024
1662135939367785984
1662135939409786880
1662135939460787968
1662135939502788864
1662135939541789696
1662135939592790784
1662135939637791744
1662135939688792832
1662135939736793856
1662135939778794752
1662135939820795648
1662135939865796608
1662135939919797760
1662135939961798656
1662135940006799616
1662135940045800448
1662135940093801472
1662135940135802368
1662135940180803328
1662135940228804352
1662135940282805504
1662135940327806464
1662135940372807424
1662135940426808576
1662135940468809472
1662135940510810368
1662135940552811264
1662135940603812352
1662135940642813184
1662135940681814016
1662135940723814912
1662135940765815808
1662135940807816704
1662135940849817600
1662135940888818432
1662135940930819328
1662135940978820352
1662135941023821312
1662135941065822208
1662135941107823104
1662135941149824000
1662135941188824832
1662135941233825792
1662135941281826816
1662135941323827712
1662135941365828608
1662135941413829632
1662135941455830528
1662135941500831488
1662135941542832384
1662135941581833216
1662135941623834112
1662135941665835008
1662135941707835904
1662135941746836736
1662135941791837696
1662135941833838592
1662135941878839552
1662135941929840640
1662135941977841664
1662135942025842688
1662135942061843456
1662135942103844352
1662135942145845248
1662135942199846400
1662135942247847424
1662135942292848384
1662135942334849280
1662135942388850432
1662135942433851392
1662135942478852352
1662135942520853248
1662135942562854144
1662135942613855232
1662135942658856192
1662135942700857088
1662135942751858176
1662135942793859072
1662135942835859968
1662135942883860992
1662135942925861888
1662135942967862784
1662135943006863616
1662135943048864512
1662135943093865472
1662135943138866432
1662135943186867456
1662135943234868480
1662135943276869376
1662135943321870336
1662135943369871360
1662135943408872192
1662135943456873216
1662135943501874176
1662135943543875072
1662135943582875904
1662135943627876864
1662135943669877760
1662135943720878848
1662135943762879744
1662135943804880640
1662135943849881600
1662135943894882560
1662135943945883648
1662135943996884736
1662135944038885632
1662135944083886592
1662135944134887680
1662135944182888704
1662135944224889600
1662135944275890688
1662135944317891584
1662135944362892544
1662135944410893568
1662135944452894464
1662135944497895424
1662135944551896576
1662135944593897472
1662135944635898368
1662135944680899328
1662135944731900416
1662135944776901376
1662135944824902400
1662135944878903552
1662135944923904512
1662135944965905408
1662135945010906368
1662135945058907392
1662135945100908288
1662135945142909184
1662135945190910208
1662135945235911168
1662135945289912320
1662135945331913216
1662135945376914176
1662135945421915136
1662135945466916096
1662135945508916992
1662135945550917888
1662135945595918848
1662135945634919680
1662135945679920640
1662135945727921664
1662135945775922688
1662135945817923584
1662135945862924544
1662135945904925440
1662135945949926400
1662135945991927296
1662135946036928256
1662135946081929216
1662135946123930112
1662135946165931008
1662135946216932096
1662135946261933056
1662135946306934016
1662135946351934976
1662135946393935872
1662135946438936832
1662135946477937664
1662135946519938560
1662135946564939520
1662135946609940480
1662135946651941376
1662135946690942208
1662135946735943168
1662135946783944192
1662135946825945088
1662135946867945984
1662135946918947072
1662135946963948032
1662135947005948928
1662135947047949824
1662135947095950848
1662135947134951680
1662135947188952832
1662135947236953856
1662135947278954752
1662135947320955648
1662135947368956672
1662135947410957568
1662135947452958464
1662135947494959360
1662135947539960320
1662135947578961152
1662135947623962112
1662135947665963008
1662135947716964096
1662135947758964992
1662135947800965888
1662135947842966784
1662135947890967808
1662135947941968896
1662135947989969920
1662135948031970816
1662135948079971840
1662135948121972736
1662135948163973632
1662135948211974656
1662135948253975552
1662135948292976384
1662135948337977344
1662135948382978304
1662135948430979328
1662135948472980224
1662135948514981120
1662135948553981952
1662135948595982848
1662135948637983744
1662135948685984768
1662135948730985728
1662135948772986624
1662135948814987520
1662135948856988416
1662135948895989248
1662135948937990144
1662135948982991104
1662135949033992192
1662135949078993152
1662135949120994048
1662135949174995200
1662135949216996096
1662135949261997056
1662135949306998016
1662135949348998912
1662135949393999872
1662135949439000832
1662135949481001728
1662135949529002752
1662135949568003584
1662135949616004608
1662135949667005696
1662135949709006592
1662135949754007552
1662135949796008448
1662135949838009344
1662135949886010368
1662135949928011264
1662135949970012160
1662135950012013056
1662135950057014016
1662135950099014912
1662135950144015872
1662135950186016768
1662135950240017920
1662135950285018880
1662135950327019776
1662135950375020800
1662135950417021696
1662135950468022784
1662135950510023680
1662135950558024704
1662135950600025600
1662135950642026496
1662135950690027520
1662135950735028480
1662135950777029376
1662135950822030336
1662135950870031360
1662135950918032384
1662135950960033280
1662135951002034176
1662135951047035136
1662135951089036032
1662135951146037248
1662135951188038144
1662135951230039040
1662135951272039936
1662135951317040896
1662135951368041984
1662135951413042944
1662135951455043840
1662135951494044672
1662135951545045760
1662135951587046656
1662135951632047616
1662135951674048512
1662135951722049536
1662135951770050560
1662135951815051520
1662135951860052480
1662135951902053376
1662135951944054272
1662135951986055168
1662135952028056064
1662135952067056896
1662135952112057856
1662135952154058752
1662135952196059648
1662135952238060544
1662135952280061440
1662135952337062656
1662135952379063552
1662135952424064512
1662135952466065408
1662135952517066496
1662135952559067392
1662135952616068608
1662135952661069568
1662135952709070592
1662135952763071744
1662135952808072704
1662135952850073600
1662135952895074560
1662135952937075456
1662135952982076416
1662135953033077504
1662135953075078400
1662135953117079296
1662135953159080192
1662135953201081088
1662135953243081984
1662135953291083008
1662135953333083904
1662135953384084992
1662135953426085888
1662135953471086848
1662135953513087744
1662135953555088640
1662135953603089664
1662135953651090688
1662135953693091584
1662135953741092608
1662135953786093568
1662135953828094464
1662135953870095360
1662135953912096256
1662135953957097216
1662135953999098112
1662135954044099072
1662135954092100096
1662135954134100992
1662135954176101888
1662135954218102784
1662135954260103680
1662135954308104704
1662135954353105664
1662135954392106496
1662135954431107328
1662135954479108352
1662135954518109184
1662135954566110208
1662135954611111168
1662135954656112128
1662135954704113152
1662135954746114048
1662135954791115008
1662135954833115904
1662135954878116864
1662135954923117824
1662135954965118720
1662135955016119808
1662135955058120704
1662135955097121536
1662135955136122368
1662135955178123264
1662135955217124096
1662135955259124992
1662135955304125952
1662135955346126848
1662135955391127808
1662135955436128768
1662135955487129856
1662135955526130688
1662135955568131584
1662135955610132480
1662135955655133440
1662135955697134336
1662135955739135232
1662135955781136128
1662135955826137088
1662135955868137984
1662135955913138944
1662135955964140032
1662135956009140992
1662135956057142016
1662135956105143040
1662135956153144064
1662135956195144960
1662135956240145920
1662135956288146944
1662135956336147968
1662135956381148928
1662135956426149888
1662135956468150784
1662135956513151744
1662135956555152640
1662135956600153600
1662135956648154624
1662135956690155520
1662135956732156416
1662135956774157312
1662135956828158464
1662135956876159488
1662135956921160448
1662135956963161344
1662135957008162304
1662135957056163328
1662135957104164352
1662135957146165248
1662135957188166144
1662135957230167040
1662135957266167808
1662135957308168704
1662135957350169600
1662135957392170496
1662135957437171456
1662135957479172352
1662135957521173248
1662135957566174208
1662135957608175104
1662135957650176000
1662135957695176960
1662135957734177792
1662135957785178880
1662135957827179776
1662135957869180672
1662135957911181568
1662135957956182528
1662135958001183488
1662135958046184448
1662135958088185344
1662135958130186240
1662135958175187200
1662135958226188288
1662135958268189184
1662135958310190080
1662135958352190976
1662135958394191872
1662135958445192960
1662135958487193856
1662135958529194752
1662135958565195520
1662135958610196480
1662135958652197376
1662135958694198272
1662135958739199232
1662135958781200128
1662135958826201088
1662135958868201984
1662135958910202880
1662135958952203776
1662135958994204672
1662135959039205632
1662135959084206592
1662135959129207552
1662135959174208512
1662135959216209408
1662135959261210368
1662135959306211328
1662135959351212288
1662135959396213248
1662135959438214144
1662135959483215104
1662135959531216128
1662135959573217024
1662135959615217920
1662135959654218752
1662135959696219648
1662135959738220544
1662135959780221440
1662135959825222400
1662135959870223360
1662135959909224192
1662135959951225088
1662135959999226112
1662135960041227008
1662135960083227904
1662135960125228800
1662135960167229696
1662135960218230784
1662135960260231680
1662135960299232512
1662135960347233536
1662135960392234496
1662135960440235520
1662135960485236480
1662135960539237632
1662135960584238592
1662135960635239680
1662135960680240640
1662135960725241600
1662135960776242688
1662135960818243584
1662135960863244544
1662135960908245504
1662135960950246400
1662135961001247488
1662135961043248384
1662135961085249280
1662135961127250176
1662135961178251264
1662135961220252160
1662135961265253120
1662135961307254016
1662135961352254976
1662135961400256000
1662135961448257024
1662135961490257920
1662135961535258880
1662135961580259840
1662135961619260672
1662135961658261504
1662135961700262400
1662135961742263296
1662135961784264192
1662135961826265088
1662135961868265984
1662135961907266816
1662135961949267712
1662135961991268608
1662135962039269632
1662135962081270528
1662135962123271424
1662135962165272320
1662135962210273280
1662135962252274176
1662135962303275264
1662135962345276160
1662135962387277056
1662135962432278016
1662135962477278976
1662135962528280064
1662135962570280960
1662135962615281920
1662135962657282816
1662135962699283712
1662135962741284608
1662135962792285696
1662135962837286656
1662135962882287616
1662135962924288512
1662135962972289536
1662135963014290432
1662135963065291520
1662135963113292544
1662135963164293632
1662135963212294656
1662135963254295552
1662135963299296512
1662135963341297408
1662135963386298368
1662135963425299200
1662135963467300096
1662135963512301056
1662135963554301952
1662135963596302848
1662135963644303872
1662135963686304768
1662135963728305664
1662135963773306624
1662135963815307520
1662135963857308416
1662135963902309376
1662135963947310336
1662135963995311360
1662135964040312320
1662135964088313344
1662135964139314432
1662135964181315328
1662135964223316224
1662135964271317248
1662135964313318144
1662135964358319104
1662135964406320128
1662135964445320960
1662135964487321856
1662135964532322816
1662135964574323712
1662135964619324672
1662135964667325696
1662135964709326592
1662135964754327552
1662135964796328448
1662135964835329280
1662135964883330304
1662135964928331264
1662135964970332160
1662135965012333056
1662135965057334016
1662135965108335104
1662135965144335872
1662135965186336768
1662135965234337792
1662135965276338688
1662135965327339776
1662135965369340672
1662135965414341632
1662135965459342592
1662135965507343616
1662135965549344512
1662135965591345408
1662135965633346304
1662135965678347264
1662135965720348160
1662135965765349120
1662135965810350080
1662135965852350976
1662135965894351872
1662135965933352704
1662135965972353536
1662135966017354496
1662135966065355520
1662135966107356416
1662135966152357376
1662135966191358208
1662135966239359232
1662135966284360192
1662135966329361152
1662135966371362048
1662135966419363072
1662135966464364032
1662135966512365056
1662135966551365888
1662135966596366848
1662135966638367744
1662135966680368640
1662135966719369472
1662135966761370368
1662135966803371264
1662135966848372224
1662135966890373120
1662135966932374016
1662135966974374912
1662135967025376000
1662135967067376896
1662135967115377920
1662135967160378880
1662135967202379776
1662135967250380800
1662135967295381760
1662135967340382720
1662135967382383616
1662135967424384512
1662135967466385408
1662135967505386240
1662135967550387200
1662135967592388096
1662135967646389248
1662135967685390080
1662135967733391104
1662135967775392000
1662135967817392896
1662135967874394112
1662135967919395072
1662135967961395968
1662135968012397056
1662135968054397952
1662135968096398848
1662135968141399808
1662135968186400768
1662135968225401600
1662135968264402432
1662135968312403456
1662135968360404480
1662135968402405376
1662135968447406336
1662135968492407296
1662135968534408192
1662135968582409216
1662135968624410112
1662135968666411008
1662135968708411904
1662135968747412736
1662135968789413632
1662135968834414592
1662135968879415552
1662135968921416448
1662135968963417344
1662135969008418304
1662135969050419200
1662135969092420096
1662135969137421056
1662135969182422016
1662135969227422976
1662135969269423872
1662135969311424768
1662135969356425728
1662135969404426752
1662135969452427776
1662135969497428736
1662135969548429824
1662135969596430848
1662135969641431808
1662135969695432960
1662135969740433920
1662135969779434752
1662135969821435648
1662135969863436544
1662135969908437504
1662135969953438464
1662135970004439552
1662135970043440384
1662135970088441344
1662135970130442240
1662135970178443264
1662135970223444224
1662135970265445120
1662135970307446016
1662135970358447104
1662135970400448000
1662135970445448960
1662135970487449856
1662135970526450688
1662135970565451520
1662135970607452416
1662135970649453312
1662135970691454208
1662135970736455168
1662135970781456128
1662135970829457152
1662135970871458048
1662135970913458944
1662135970958459904
1662135971006460928
1662135971063462144
1662135971105463040
1662135971150464000
1662135971198465024
1662135971240465920
1662135971285466880
1662135971336467968
1662135971381468928
1662135971426469888
1662135971468470784
1662135971510471680
1662135971552472576
1662135971600473600
1662135971642474496
1662135971690475520
1662135971741476608
1662135971786477568
1662135971831478528
1662135971876479488
1662135971918480384
1662135971960481280
1662135972014482432
1662135972068483584
1662135972116484608
1662135972164485632
1662135972209486592
1662135972254487552
1662135972296488448
1662135972344489472
1662135972395490560
1662135972443491584
1662135972488492544
1662135972533493504
1662135972575494400
1662135972620495360
1662135972662496256
1662135972704497152
1662135972749498112
1662135972797499136
1662135972842500096
1662135972887501056
1662135972926501888
1662135972974502912
1662135973016503808
1662135973070504960
1662135973115505920
1662135973160506880
1662135973205507840
1662135973262509056
1662135973304509952
1662135973346510848
1662135973391511808
1662135973433512704
1662135973472513536
1662135973514514432
1662135973556515328
1662135973598516224
1662135973649517312
1662135973700518400
1662135973748519424
1662135973793520384
1662135973835521280
1662135973883522304
1662135973928523264
1662135973976524288
1662135974018525184
1662135974060526080
1662135974108527104
1662135974150528000
1662135974192528896
1662135974237529856
1662135974282530816
1662135974324531712
1662135974369532672
1662135974411533568
1662135974456534528
1662135974501535488
1662135974543536384
1662135974585537280
1662135974627538176
1662135974681539328
1662135974729540352
1662135974771541248
1662135974813542144
1662135974858543104
1662135974906544128
1662135974945544960
1662135974987545856
1662135975035546880
1662135975083547904
1662135975134548992
1662135975176549888
1662135975218550784
1662135975263551744
1662135975311552768
1662135975359553792
1662135975401554688
1662135975452555776
1662135975494556672
1662135975542557696
1662135975587558656
1662135975632559616
1662135975677560576
1662135975725561600
1662135975767562496
1662135975818563584
1662135975866564608
1662135975908565504
1662135975950566400
1662135975995567360
1662135976040568320
1662135976085569280
1662135976127570176
1662135976169571072
1662135976211571968
1662135976256572928
1662135976295573760
1662135976340574720
1662135976385575680
1662135976430576640
1662135976472577536
1662135976520578560
1662135976559579392
1662135976607580416
1662135976649581312
1662135976697582336
1662135976745583360
1662135976787584256
1662135976829585152
1662135976871586048
1662135976913586944
1662135976955587840
1662135977006588928
1662135977048589824
1662135977093590784
1662135977138591744
1662135977183592704
1662135977228593664
1662135977276594688
1662135977318595584
1662135977360596480
1662135977405597440
1662135977453598464
1662135977495599360
1662135977540600320
1662135977582601216
1662135977624602112
1662135977681603328
1662135977723604224
1662135977765605120
1662135977810606080
1662135977858607104
1662135977900608000
1662135977945608960
1662135977996610048
1662135978041611008
1662135978086611968
1662135978131612928
1662135978173613824
1662135978212614656
1662135978257615616
1662135978299616512
1662135978341617408
1662135978383618304
1662135978425619200
1662135978470620160
1662135978509620992
1662135978563622144
1662135978608623104
1662135978650624000
1662135978698625024
1662135978737625856
1662135978785626880
1662135978824627712
1662135978869628672
1662135978911629568
1662135978956630528
1662135978998631424
1662135979043632384
1662135979091633408
1662135979133634304
1662135979175635200
1662135979220636160
1662135979262637056
1662135979304637952
1662135979346638848
1662135979388639744
1662135979439640832
1662135979484641792
1662135979529642752
1662135979571643648
1662135979613644544
1662135979658645504
1662135979700646400
1662135979742647296
1662135979784648192
1662135979829649152
1662135979877650176
1662135979919651072
1662135979964652032
1662135980009652992
1662135980054653952
1662135980105655040
1662135980147655936
1662135980189656832
1662135980234657792
1662135980276658688
1662135980318659584
1662135980363660544
1662135980408661504
1662135980465662720
1662135980507663616
1662135980549664512
1662135980606665728
1662135980651666688
1662135980696667648
1662135980738668544
1662135980780669440
1662135980822670336
1662135980867671296
1662135980909672192
1662135980954673152
1662135980996674048
1662135981041675008
1662135981083675904
1662135981131676928
1662135981179677952
1662135981221678848
1662135981293680384
1662135981335681280
1662135981383682304
1662135981425683200
1662135981470684160
1662135981515685120
1662135981560686080
1662135981608687104
1662135981659688192
1662135981701689088
1662135981740689920
1662135981782690816
1662135981824691712
1662135981869692672
1662135981920693760
1662135981965694720
1662135982016695808
1662135982058696704
1662135982100697600
1662135982142698496
1662135982184699392
1662135982226700288
1662135982271701248
1662135982319702272
1662135982361703168
1662135982400704000
1662135982442704896
1662135982490705920
1662135982541707008
1662135982583707904
1662135982625708800
1662135982667709696
1662135982715710720
1662135982757711616
1662135982796712448
1662135982841713408
1662135982883714304
1662135982922715136
1662135982967716096
1662135983009716992
1662135983048717824
1662135983093718784
1662135983135719680
1662135983183720704
1662135983228721664
1662135983270722560
1662135983321723648
1662135983366724608
1662135983408725504
1662135983456726528
1662135983501727488
1662135983549728512
1662135983594729472
1662135983642730496
1662135983687731456
1662135983729732352
1662135983771733248
1662135983819734272
1662135983864735232
1662135983909736192
1662135983954737152
1662135983999738112
1662135984041739008
1662135984083739904
1662135984125740800
1662135984179741952
1662135984224742912
1662135984269743872
1662135984317744896
1662135984362745856
1662135984404746752
1662135984446747648
1662135984491748608
1662135984533749504
1662135984572750336
1662135984614751232
1662135984656752128
1662135984701753088
1662135984743753984
1662135984782754816
1662135984833755904
1662135984884756992
1662135984929757952
1662135984980759040
1662135985031760128
1662135985076761088
1662135985115761920
1662135985166763008
1662135985217764096
1662135985265765120
1662135985304765952
1662135985346766848
1662135985388767744
1662135985427768576
1662135985469769472
1662135985508770304
1662135985547771136
1662135985589772032
1662135985634772992
1662135985676773888
1662135985721774848
1662135985769775872
1662135985817776896
1662135985865777920
1662135985907778816
1662135985955779840
1662135986003780864
1662135986051781888
1662135986096782848
1662135986141783808
1662135986186784768
1662135986234785792
1662135986279786752
1662135986321787648
1662135986363788544
1662135986414789632
1662135986462790656
1662135986501791488
1662135986546792448
1662135986591793408
1662135986636794368
1662135986687795456
1662135986729796352
1662135986780797440
1662135986828798464
1662135986876799488
1662135986918800384
1662135986963801344
1662135987014802432
1662135987059803392
1662135987107804416
1662135987152805376
1662135987197806336
1662135987245807360
1662135987290808320
1662135987332809216
1662135987374810112
1662135987416811008
1662135987461811968
1662135987500812800
1662135987542813696
1662135987584814592
1662135987632815616
1662135987674816512
1662135987716817408
1662135987758818304
1662135987803819264
1662135987845820160
1662135987890821120
1662135987935822080
1662135987980823040
1662135988022823936
1662135988067824896
1662135988112825856
1662135988154826752
1662135988196827648
1662135988235828480
1662135988277829376
1662135988319830272
1662135988361831168
1662135988406832128
1662135988448833024
1662135988493833984
1662135988535834880
1662135988583835904
1662135988625836800
1662135988670837760
1662135988715838720
1662135988760839680
1662135988799840512
1662135988838841344
1662135988880842240
1662135988919843072
1662135988961843968
1662135989003844864
1662135989042845696
1662135989084846592
1662135989129847552
1662135989171848448
1662135989210849280
1662135989258850304
1662135989300851200
1662135989342852096
1662135989384852992
1662135989429853952
1662135989468854784
1662135989510855680
1662135989552856576
1662135989594857472
1662135989639858432
1662135989681859328
1662135989723860224
1662135989765861120
1662135989807862016
1662135989852862976
1662135989897863936
1662135989942864896
1662135989984865792
1662135990029866752
1662135990065867520
1662135990113868544
1662135990161869568
1662135990203870464
1662135990245871360
1662135990287872256
1662135990329873152
1662135990374874112
1662135990422875136
1662135990464876032
1662135990509876992
1662135990551877888
1662135990605879040
1662135990650880000
1662135990695880960
1662135990743881984
1662135990785882880
1662135990836883968
1662135990884884992
1662135990935886080
1662135990980887040
1662135991025888000
1662135991067888896
1662135991109889792
1662135991151890688
1662135991199891712
1662135991238892544
1662135991283893504
1662135991328894464
1662135991370895360
1662135991415896320
1662135991457897216
1662135991502898176
1662135991544899072
1662135991586899968
1662135991628900864
1662135991670901760
1662135991712902656
1662135991760903680
1662135991802904576
1662135991844905472
1662135991889906432
1662135991931907328
1662135991979908352
1662135992021909248
1662135992075910400
1662135992114911232
1662135992156912128
1662135992195912960
1662135992240913920
1662135992282914816
1662135992330915840
1662135992378916864
1662135992417917696
1662135992462918656
1662135992510919680
1662135992552920576
1662135992603921664
1662135992645922560
1662135992687923456
1662135992729924352
1662135992771925248
1662135992813926144
1662135992855927040
1662135992909928192
1662135992951929088
1662135992990929920
1662135993032930816
1662135993083931904
1662135993128932864
1662135993182934016
1662135993224934912
1662135993281936128
1662135993329937152
1662135993371938048
1662135993413938944
1662135993458939904
1662135993503940864
1662135993545941760
1662135993590942720
1662135993632943616
1662135993677944576
1662135993722945536
1662135993761946368
1662135993806947328
1662135993851948288
1662135993893949184
1662135993935950080
1662135993980951040
1662135994025952000
1662135994070952960
1662135994112953856
1662135994157954816
1662135994202955776
1662135994253956864
1662135994298957824
1662135994340958720
1662135994382959616
1662135994427960576
1662135994469961472
1662135994514962432
1662135994565963520
1662135994610964480
1662135994655965440
1662135994694966272
1662135994739967232
1662135994781968128
1662135994838969344
1662135994883970304
1662135994931971328
1662135994976972288
1662135995018973184
1662135995060974080
1662135995111975168
1662135995156976128
1662135995201977088
1662135995243977984
1662135995291979008
1662135995333979904
1662135995381980928
1662135995429981952
1662135995480983040
1662135995525984000
1662135995573985024
1662135995615985920
1662135995672987136
1662135995717988096
1662135995777989376
1662135995822990336
1662135995864991232
1662135995918992384
1662135995960993280
1662135995999994112
1662135996044995072
1662135996086995968
1662135996128996864
1662135996179997952
1662135996224998912
1662135996266999808
1662135996315000832
1662135996357001728
1662135996402002688
1662135996444003584
1662135996489004544
1662135996528005376
1662135996579006464
1662135996621007360
1662135996666008320
1662135996705009152
1662135996747010048
1662135996789010944
1662135996837011968
1662135996888013056
1662135996939014144
1662135996990015232
1662135997038016256
1662135997086017280
1662135997128018176
1662135997176019200
1662135997218020096
1662135997260020992
1662135997305021952
1662135997350022912
1662135997398023936
1662135997437024768
1662135997479025664
1662135997521026560
1662135997572027648
1662135997620028672
1662135997659029504
1662135997710030592
1662135997752031488
1662135997794032384
1662135997836033280
1662135997878034176
1662135997920035072
1662135997965036032
1662135998007036928
1662135998052037888
1662135998097038848
1662135998139039744
1662135998184040704
1662135998226041600
1662135998271042560
1662135998316043520
1662135998361044480
1662135998412045568
1662135998457046528
1662135998499047424
1662135998550048512
1662135998595049472
1662135998640050432
1662135998682051328
1662135998727052288
1662135998772053248
1662135998820054272
1662135998865055232
1662135998907056128
1662135998949057024
1662135998997058048
1662135999039058944
1662135999081059840
1662135999123060736
1662135999168061696
1662135999216062720
1662135999264063744
1662135999309064704
1662135999360065792
1662135999402066688
1662135999447067648
1662135999489068544
1662135999528069376
1662135999579070464
1662135999630071552
1662135999678072576
1662135999720073472
1662135999759074304
1662135999804075264
1662135999846076160
1662135999894077184
1662135999939078144
1662135999981079040
1662136000029080064
1662136000077081088
1662136000125082112
1662136000173083136
1662136000215084032
1662136000257084928
1662136000299085824
1662136000341086720
1662136000383087616
1662136000425088512
1662136000473089536
1662136000518090496
1662136000557091328
1662136000605092352
1662136000650093312
1662136000701094400
1662136000740095232
1662136000782096128
1662136000827097088
1662136000869097984
1662136000911098880
1662136000953099776
1662136000992100608
1662136001034101504
1662136001088102656
1662136001130103552
1662136001172104448
1662136001217105408
1662136001256106240
1662136001307107328
1662136001352108288
1662136001400109312
1662136001442110208
1662136001490111232
1662136001535112192
1662136001580113152
1662136001622114048
1662136001670115072
1662136001709115904
1662136001751116800
1662136001796117760
1662136001841118720
1662136001895119872
1662136001946120960
1662136001991121920
1662136002042123008
1662136002084123904
1662136002132124928
1662136002180125952
1662136002222126848
1662136002267127808
1662136002306128640
1662136002348129536
1662136002396130560
1662136002441131520
1662136002495132672
1662136002540133632
1662136002585134592
1662136002633135616
1662136002678136576
1662136002723137536
1662136002768138496
1662136002813139456
1662136002852140288
1662136002894141184
1662136002939142144
1662136002990143232
1662136003041144320
1662136003083145216
1662136003128146176
1662136003179147264
1662136003239148544
1662136003284149504
1662136003323150336
1662136003371151360
1662136003416152320
1662136003458153216
1662136003503154176
1662136003545155072
1662136003590156032
1662136003638157056
1662136003680157952
1662136003722158848
1662136003761159680
1662136003803160576
1662136003848161536
1662136003899162624
1662136003941163520
1662136003992164608
1662136004034165504
1662136004088166656
1662136004139167744
1662136004184168704
1662136004229169664
1662136004268170496
1662136004313171456
1662136004352172288
1662136004400173312
1662136004439174144
1662136004484175104
1662136004529176064
1662136004571176960
1662136004619177984
1662136004658178816
1662136004703179776
1662136004748180736
1662136004793181696
1662136004835182592
1662136004880183552
1662136004928184576
1662136004985185792
1662136005030186752
1662136005072187648
1662136005120188672
1662136005168189696
1662136005213190656
1662136005255191552
1662136005297192448
1662136005339193344
1662136005381194240
1662136005426195200
1662136005465196032
1662136005507196928
1662136005552197888
1662136005594198784
1662136005639199744
1662136005681200640
1662136005729201664
1662136005774202624
1662136005816203520
1662136005861204480
1662136005903205376
1662136005945206272
1662136005984207104
1662136006029208064
1662136006080209152
1662136006131210240
1662136006185211392
1662136006230212352
1662136006272213248
1662136006317214208
1662136006359215104
1662136006401216000
1662136006452217088
1662136006494217984
1662136006539218944
1662136006581219840
1662136006632220928
1662136006668221696
1662136006713222656
1662136006755223552
1662136006800224512
1662136006845225472
1662136006887226368
1662136006929227264
1662136006971228160
1662136007016229120
1662136007067230208
1662136007118231296
1662136007160232192
1662136007202233088
1662136007244233984
1662136007286234880
1662136007328235776
1662136007373236736
1662136007421237760
1662136007466238720
1662136007517239808
1662136007562240768
1662136007604241664
1662136007652242688
1662136007697243648
1662136007739244544
1662136007781245440
1662136007826246400
1662136007868247296
1662136007910248192
1662136007952249088
1662136008000250112
1662136008042251008
1662136008084251904
1662136008126252800
1662136008174253824
1662136008216254720
1662136008261255680
1662136008303256576
1662136008342257408
1662136008384258304
1662136008426259200
1662136008468260096
1662136008513261056
1662136008561262080
1662136008603262976
1662136008648263936
1662136008696264960
1662136008741265920
1662136008783266816
1662136008831267840
1662136008873268736
1662136008918269696
1662136008960270592
1662136008999271424
1662136009041272320
1662136009089273344
1662136009140274432
1662136009182275328
1662136009224276224
1662136009266277120
1662136009311278080
1662136009356279040
1662136009395279872
1662136009440280832
1662136009482281728
1662136009527282688
1662136009578283776
1662136009617284608
1662136009662285568
1662136009704286464
1662136009752287488
1662136009797288448
1662136009842289408
1662136009884290304
1662136009926291200
1662136009974292224
1662136010016293120
1662136010061294080
1662136010109295104
1662136010154296064
1662136010196296960
1662136010235297792
1662136010280298752
1662136010322299648
1662136010364300544
1662136010409301504
1662136010451302400
1662136010499303424
1662136010547304448
1662136010592305408
1662136010637306368
1662136010676307200
1662136010718308096
1662136010760308992
1662136010808310016
1662136010850310912
1662136010892311808
1662136010934312704
1662136010982313728
1662136011027314688
1662136011072315648
1662136011114316544
1662136011159317504
1662136011201318400
1662136011243319296
1662136011285320192
1662136011327321088
1662136011372322048
1662136011420323072
1662136011462323968
1662136011507324928
1662136011549325824
1662136011591326720
1662136011633327616
1662136011687328768
1662136011732329728
1662136011780330752
1662136011822331648
1662136011870332672
1662136011918333696
1662136011960334592
1662136012002335488
1662136012047336448
1662136012092337408
1662136012134338304
1662136012176339200
1662136012218340096
1662136012260340992
1662136012302341888
1662136012350342912
1662136012395343872
1662136012437344768
1662136012482345728
1662136012527346688
1662136012575347712
1662136012614348544
1662136012656349440
1662136012701350400
1662136012740351232
1662136012782352128
1662136012824353024
1662136012866353920
1662136012914354944
1662136012959355904
1662136013004356864
1662136013046357760
1662136013091358720
1662136013136359680
1662136013178360576
1662136013223361536
1662136013262362368
1662136013307363328
1662136013352364288
1662136013394365184
1662136013436366080
1662136013481367040
1662136013523367936
1662136013565368832
1662136013607369728
1662136013652370688
1662136013694371584
1662136013736372480
1662136013790373632
1662136013832374528
1662136013874375424
1662136013916376320
1662136013961377280
1662136014006378240
1662136014051379200
1662136014096380160
1662136014144381184
1662136014189382144
1662136014231383040
1662136014276384000
1662136014321384960
1662136014369385984
1662136014411386880
1662136014453387776
1662136014501388800
1662136014543389696
1662136014591390720
1662136014630391552
1662136014672392448
1662136014717393408
1662136014765394432
1662136014807395328
1662136014858396416
1662136014903397376
1662136014948398336
1662136014996399360
1662136015041400320
1662136015086401280
1662136015128402176
1662136015170403072
1662136015218404096
1662136015263405056
1662136015305405952
1662136015347406848
1662136015404408064
1662136015449409024
1662136015500410112
1662136015545411072
1662136015584411904
1662136015629412864
1662136015671413760
1662136015716414720
1662136015761415680
1662136015806416640
1662136015848417536
1662136015893418496
1662136015938419456
1662136015986420480
1662136016028421376
1662136016076422400
1662136016121423360
1662136016163424256
1662136016208425216
1662136016253426176
1662136016295427072
1662136016340428032
1662136016382428928
1662136016427429888
1662136016484431104
1662136016529432064
1662136016574433024
1662136016625434112
1662136016667435008
1662136016715436032
1662136016760436992
1662136016808438016
1662136016850438912
1662136016892439808
1662136016937440768
1662136016985441792
1662136017027442688
1662136017075443712
1662136017129444864
1662136017174445824
1662136017222446848
1662136017264447744
1662136017309448704
1662136017351449600
1662136017402450688
1662136017441451520
1662136017486452480
1662136017534453504
1662136017579454464
1662136017624455424
1662136017663456256
1662136017708457216
1662136017750458112
1662136017792459008
1662136017843460096
1662136017882460928
1662136017924461824
1662136017966462720
1662136018011463680
1662136018056464640
1662136018107465728
1662136018152466688
1662136018200467712
1662136018248468736
1662136018290469632
1662136018332470528
1662136018377471488
1662136018425472512
1662136018467473408
1662136018509474304
1662136018557475328
1662136018605476352
1662136018647477248
1662136018689478144
1662136018737479168
1662136018791480320
1662136018833481216
1662136018878482176
1662136018920483072
1662136018962483968
1662136019010484992
1662136019052485888
1662136019097486848
1662136019136487680
1662136019190488832
1662136019232489728
