1662063934494348032
1662063934536348928
1662063934587350016
1662063934629350912
1662063934671351808
1662063934713352704
1662063934758353664
1662063934803354624
1662063934848355584
1662063934893356544
1662063934938357504
1662063934977358336
1662063935022359296
1662063935064360192
1662063935103361024
1662063935145361920
1662063935187362816
1662063935229363712
1662063935268364544
1662063935310365440
1662063935352366336
1662063935394367232
1662063935436368128
1662063935478369024
1662063935535370240
1662063935577371136
1662063935619372032
1662063935670373120
1662063935712374016
1662063935757374976
1662063935799375872
1662063935844376832
1662063935886377728
1662063935931378688
1662063935973379584
1662063936015380480
1662063936057381376
1662063936099382272
1662063936141383168
1662063936180384000
1662063936222384896
1662063936267385856
1662063936312386816
1662063936360387840
1662063936405388800
1662063936447389696
1662063936489390592
1662063936531391488
1662063936573392384
1662063936615393280
1662063936657394176
1662063936699395072
1662063936744396032
1662063936786396928
1662063936828397824
1662063936870398720
1662063936909399552
1662063936948400384
1662063936990401280
1662063937038402304
1662063937089403392
1662063937134404352
1662063937182405376
1662063937224406272
1662063937269407232
1662063937314408192
1662063937356409088
1662063937401410048
1662063937449411072
1662063937488411904
1662063937539412992
1662063937584413952
1662063937638415104
1662063937677415936
1662063937719416832
1662063937761417728
1662063937803418624
1662063937842419456
1662063937887420416
1662063937935421440
1662063937977422336
1662063938019423232
1662063938061424128
1662063938106425088
1662063938148425984
1662063938193426944
1662063938238427904
1662063938283428864
1662063938325429760
1662063938370430720
1662063938412431616
1662063938457432576
1662063938499433472
1662063938544434432
1662063938586435328
1662063938631436288
1662063938676437248
1662063938718438144
1662063938760439040
1662063938802439936
1662063938850440960
1662063938898441984
1662063938943442944
1662063938988443904
1662063939036444928
1662063939078445824
1662063939126446848
1662063939165447680
1662063939210448640
1662063939252449536
1662063939300450560
1662063939342451456
1662063939387452416
1662063939429453312
1662063939471454208
1662063939510455040
1662063939552455936
1662063939594456832
1662063939639457792
1662063939681458688
1662063939723459584
1662063939765460480
1662063939807461376
1662063939852462336
1662063939894463232
1662063939939464192
1662063939981465088
1662063940026466048
1662063940068466944
1662063940113467904
1662063940158468864
1662063940209469952
1662063940257470976
1662063940299471872
1662063940341472768
1662063940383473664
1662063940422474496
1662063940464475392
1662063940506476288
1662063940548477184
1662063940590478080
1662063940632478976
1662063940674479872
1662063940716480768
1662063940767481856
1662063940806482688
1662063940851483648
1662063940899484672
1662063940941485568
1662063940989486592
1662063941034487552
1662063941079488512
1662063941124489472
1662063941169490432
1662063941214491392
1662063941262492416
1662063941304493312
1662063941346494208
1662063941391495168
1662063941436496128
1662063941475496960
1662063941517497856
1662063941562498816
1662063941604499712
1662063941646500608
1662063941688501504
1662063941736502528
1662063941784503552
1662063941832504576
1662063941874505472
1662063941922506496
1662063941964507392
1662063942009508352
1662063942051509248
1662063942093510144
1662063942138511104
1662063942180512000
1662063942222512896
1662063942267513856
1662063942309514752
1662063942351515648
1662063942396516608
1662063942447517696
1662063942498518784
1662063942543519744
1662063942585520640
1662063942630521600
1662063942672522496
1662063942714523392
1662063942762524416
1662063942807525376
1662063942852526336
1662063942897527296
1662063942942528256
1662063942984529152
1662063943029530112
1662063943074531072
1662063943116531968
1662063943167533056
1662063943206533888
1662063943248534784
1662063943287535616
1662063943329536512
1662063943374537472
1662063943416538368
1662063943458539264
1662063943503540224
1662063943545541120
1662063943584541952
1662063943629542912
1662063943671543808
1662063943710544640
1662063943752545536
1662063943794546432
1662063943836547328
1662063943884548352
1662063943935549440
1662063943977550336
1662063944019551232
1662063944061552128
1662063944103553024
1662063944145553920
1662063944184554752
1662063944229555712
1662063944277556736
1662063944319557632
1662063944361558528
1662063944418559744
1662063944463560704
1662063944508561664
1662063944553562624
1662063944595563520
1662063944640564480
1662063944682565376
1662063944733566464
1662063944778567424
1662063944823568384
1662063944865569280
1662063944910570240
1662063944955571200
1662063944997572096
1662063945039572992
1662063945081573888
1662063945126574848
1662063945171575808
1662063945213576704
1662063945255577600
1662063945297578496
1662063945339579392
1662063945381580288
1662063945420581120
1662063945465582080
1662063945507582976
1662063945549583872
1662063945588584704
1662063945642585856
1662063945690586880
1662063945732587776
1662063945780588800
1662063945822589696
1662063945867590656
1662063945912591616
1662063945954592512
1662063945999593472
1662063946041594368
1662063946089595392
1662063946131596288
1662063946173597184
1662063946215598080
1662063946263599104
1662063946302599936
1662063946344600832
1662063946392601856
1662063946437602816
1662063946479603712
1662063946524604672
1662063946566605568
1662063946608606464
1662063946650607360
1662063946692608256
1662063946731609088
1662063946776610048
1662063946818610944
1662063946863611904
1662063946908612864
1662063946950613760
1662063946992614656
1662063947037615616
1662063947076616448
1662063947124617472
1662063947163618304
1662063947205619200
1662063947247620096
1662063947292621056
1662063947337622016
1662063947382622976
1662063947430624000
1662063947472624896
1662063947517625856
1662063947565626880
1662063947604627712
1662063947649628672
1662063947694629632
1662063947736630528
1662063947787631616
1662063947832632576
1662063947871633408
1662063947913634304
1662063947955635200
1662063947997636096
1662063948045637120
1662063948087638016
1662063948129638912
1662063948171639808
1662063948213640704
1662063948270641920
1662063948309642752
1662063948354643712
1662063948402644736
1662063948444645632
1662063948486646528
1662063948534647552
1662063948576648448
1662063948621649408
1662063948663650304
1662063948699651072
1662063948741651968
1662063948783652864
1662063948831653888
1662063948879654912
1662063948924655872
1662063948966656768
1662063949008657664
1662063949050658560
1662063949092659456
1662063949134660352
1662063949176661248
1662063949215662080
1662063949263663104
1662063949305664000
1662063949347664896
1662063949389665792
1662063949431666688
1662063949473667584
1662063949518668544
1662063949563669504
1662063949602670336
1662063949641671168
1662063949686672128
1662063949728673024
1662063949770673920
1662063949812674816
1662063949854675712
1662063949902676736
1662063949941677568
1662063949986678528
1662063950031679488
1662063950073680384
1662063950112681216
1662063950154682112
1662063950199683072
1662063950244684032
1662063950289684992
1662063950334685952
1662063950382686976
1662063950430688000
1662063950472688896
1662063950520689920
1662063950562690816
1662063950604691712
1662063950646692608
1662063950688693504
1662063950733694464
1662063950778695424
1662063950823696384
1662063950865697280
1662063950907698176
1662063950949699072
1662063951003700224
1662063951042701056
1662063951084701952
1662063951135703040
1662063951177703936
1662063951222704896
1662063951267705856
1662063951309706752
1662063951357707776
1662063951402708736
1662063951447709696
1662063951495710720
1662063951537711616
1662063951585712640
1662063951627713536
1662063951672714496
1662063951717715456
1662063951759716352
1662063951807717376
1662063951849718272
1662063951891719168
1662063951933720064
1662063951975720960
1662063952017721856
1662063952062722816
1662063952104723712
1662063952149724672
1662063952194725632
1662063952242726656
1662063952287727616
1662063952335728640
1662063952380729600
1662063952425730560
1662063952470731520
1662063952512732416
1662063952551733248
1662063952590734080
1662063952635735040
1662063952680736000
1662063952722736896
1662063952767737856
1662063952809738752
1662063952851739648
1662063952890740480
1662063952932741376
1662063952980742400
1662063953022743296
1662063953067744256
1662063953112745216
1662063953154746112
1662063953199747072
1662063953241747968
1662063953280748800
1662063953325749760
1662063953370750720
1662063953415751680
1662063953457752576
1662063953502753536
1662063953544754432
1662063953586755328
1662063953628756224
1662063953676757248
1662063953718758144
1662063953763759104
1662063953808760064
1662063953850760960
1662063953892761856
1662063953934762752
1662063953979763712
1662063954024764672
1662063954066765568
1662063954108766464
1662063954150767360
1662063954192768256
1662063954240769280
1662063954282770176
1662063954330771200
1662063954375772160
1662063954414772992
1662063954456773888
1662063954501774848
1662063954543775744
1662063954588776704
1662063954633777664
1662063954678778624
1662063954720779520
1662063954765780480
1662063954807781376
1662063954849782272
1662063954891783168
1662063954933784064
1662063954975784960
1662063955017785856
1662063955065786880
1662063955113787904
1662063955155788800
1662063955197789696
1662063955242790656
1662063955284791552
1662063955329792512
1662063955374793472
1662063955425794560
1662063955464795392
1662063955509796352
1662063955548797184
1662063955590798080
1662063955629798912
1662063955671799808
1662063955713800704
1662063955755801600
1662063955800802560
1662063955854803712
1662063955896804608
1662063955938805504
1662063955986806528
1662063956031807488
1662063956079808512
1662063956121809408
1662063956163810304
1662063956205811200
1662063956247812096
1662063956289812992
1662063956331813888
1662063956376814848
1662063956415815680
1662063956457816576
1662063956502817536
1662063956547818496
1662063956589819392
1662063956637820416
1662063956679821312
1662063956718822144
1662063956766823168
1662063956814824192
1662063956865825280
1662063956910826240
1662063956952827136
1662063956997828096
1662063957039828992
1662063957084829952
1662063957126830848
1662063957171831808
1662063957216832768
1662063957261833728
1662063957303834624
1662063957348835584
1662063957387836416
1662063957429837312
1662063957474838272
1662063957522839296
1662063957564840192
1662063957603841024
1662063957645841920
1662063957690842880
1662063957732843776
1662063957777844736
1662063957819845632
1662063957864846592
1662063957912847616
1662063957954848512
1662063957996849408
1662063958041850368
1662063958083851264
1662063958131852288
1662063958176853248
1662063958224854272
1662063958269855232
1662063958320856320
1662063958365857280
1662063958407858176
1662063958452859136
1662063958494860032
1662063958536860928
1662063958584861952
1662063958626862848
1662063958668863744
1662063958713864704
1662063958752865536
1662063958803866624
1662063958848867584
1662063958893868544
1662063958941869568
1662063958992870656
1662063959034871552
1662063959079872512
1662063959121873408
1662063959166874368
1662063959208875264
1662063959253876224
1662063959301877248
1662063959355878400
1662063959397879296
1662063959436880128
1662063959478881024
1662063959529882112
1662063959574883072
1662063959616883968
1662063959658884864
1662063959700885760
1662063959742886656
1662063959784887552
1662063959829888512
1662063959871889408
1662063959913890304
1662063959955891200
1662063959997892096
1662063960039892992
1662063960084893952
1662063960129894912
1662063960174895872
1662063960216896768
1662063960258897664
1662063960300898560
1662063960342899456
1662063960387900416
1662063960429901312
1662063960474902272
1662063960525903360
1662063960567904256
1662063960606905088
1662063960648905984
1662063960687906816
1662063960732907776
1662063960774908672
1662063960816909568
1662063960861910528
1662063960906911488
1662063960948912384
1662063960990913280
1662063961032914176
1662063961074915072
1662063961119916032
1662063961164916992
1662063961209917952
1662063961254918912
1662063961299919872
1662063961344920832
1662063961389921792
1662063961428922624
1662063961470923520
1662063961515924480
1662063961563925504
1662063961608926464
1662063961650927360
1662063961689928192
1662063961728929024
1662063961776930048
1662063961821931008
1662063961863931904
1662063961908932864
1662063961956933888
1662063961998934784
1662063962040935680
1662063962088936704
1662063962136937728
1662063962178938624
1662063962223939584
1662063962271940608
1662063962316941568
1662063962367942656
1662063962409943552
1662063962451944448
1662063962496945408
1662063962547946496
1662063962592947456
1662063962640948480
1662063962682949376
1662063962724950272
1662063962769951232
1662063962814952192
1662063962871953408
1662063962913954304
1662063962958955264
1662063963006956288
1662063963045957120
1662063963090958080
1662063963132958976
1662063963183960064
1662063963225960960
1662063963267961856
1662063963309962752
1662063963354963712
1662063963396964608
1662063963435965440
1662063963483966464
1662063963531967488
1662063963579968512
1662063963621969408
1662063963663970304
1662063963711971328
1662063963759972352
1662063963801973248
1662063963840974080
1662063963885975040
1662063963927975936
1662063963972976896
1662063964017977856
1662063964059978752
1662063964101979648
1662063964143980544
1662063964185981440
1662063964227982336
1662063964275983360
1662063964320984320
1662063964359985152
1662063964401986048
1662063964440986880
1662063964479987712
1662063964524988672
1662063964566989568
1662063964608990464
1662063964653991424
1662063964701992448
1662063964749993472
1662063964794994432
1662063964836995328
1662063964878996224
1662063964923997184
1662063964968998144
1662063965010999040
1662063965052999936
1662063965098000896
1662063965155002112
1662063965197003008
1662063965245004032
1662063965287004928
1662063965332005888
1662063965377006848
1662063965422007808
1662063965461008640
1662063965506009600
1662063965545010432
1662063965593011456
1662063965635012352
1662063965677013248
1662063965719014144
1662063965761015040
1662063965809016064
1662063965851016960
1662063965893017856
1662063965935018752
1662063965980019712
1662063966028020736
1662063966073021696
1662063966115022592
1662063966160023552
1662063966205024512
1662063966250025472
1662063966295026432
1662063966337027328
1662063966382028288
1662063966427029248
1662063966472030208
1662063966514031104
1662063966559032064
1662063966601032960
1662063966646033920
1662063966688034816
1662063966736035840
1662063966781036800
1662063966823037696
1662063966868038656
1662063966919039744
1662063966964040704
1662063967009041664
1662063967054042624
1662063967096043520
1662063967138044416
1662063967183045376
1662063967225046272
1662063967267047168
1662063967309048064
1662063967351048960
1662063967393049856
1662063967435050752
1662063967477051648
1662063967525052672
1662063967570053632
1662063967612054528
1662063967654055424
1662063967702056448
1662063967741057280
1662063967786058240
1662063967828059136
1662063967867059968
1662063967909060864
1662063967954061824
1662063968002062848
1662063968047063808
1662063968089064704
1662063968137065728
1662063968179066624
1662063968230067712
1662063968275068672
1662063968320069632
1662063968365070592
1662063968410071552
1662063968455072512
1662063968497073408
1662063968539074304
1662063968584075264
1662063968623076096
1662063968665076992
1662063968710077952
1662063968761079040
1662063968803079936
1662063968848080896
1662063968893081856
1662063968938082816
1662063968983083776
1662063969025084672
1662063969073085696
1662063969115086592
1662063969157087488
1662063969205088512
1662063969253089536
1662063969295090432
1662063969346091520
1662063969391092480
1662063969433093376
1662063969478094336
1662063969523095296
1662063969565096192
1662063969610097152
1662063969655098112
1662063969700099072
1662063969739099904
1662063969781100800
1662063969826101760
1662063969868102656
1662063969913103616
1662063969967104768
1662063970009105664
1662063970051106560
1662063970093107456
1662063970132108288
1662063970180109312
1662063970228110336
1662063970267111168
1662063970309112064
1662063970360113152
1662063970405114112
1662063970447115008
1662063970492115968
1662063970531116800
1662063970576117760
1662063970615118592
1662063970660119552
1662063970711120640
1662063970750121472
1662063970792122368
1662063970834123264
1662063970876124160
1662063970918125056
1662063970960125952
1662063971002126848
1662063971044127744
1662063971089128704
1662063971131129600
1662063971176130560
1662063971218131456
1662063971260132352
1662063971299133184
1662063971341134080
1662063971389135104
1662063971431136000
1662063971473136896
1662063971515137792
1662063971557138688
1662063971605139712
1662063971650140672
1662063971692141568
1662063971740142592
1662063971782143488
1662063971827144448
1662063971869145344
1662063971914146304
1662063971956147200
1662063971998148096
1662063972040148992
1662063972088150016
1662063972142151168
1662063972187152128
1662063972232153088
1662063972271153920
1662063972316154880
1662063972358155776
1662063972400156672
1662063972448157696
1662063972490158592
1662063972535159552
1662063972577160448
1662063972622161408
1662063972661162240
1662063972703163136
1662063972754164224
1662063972802165248
1662063972853166336
1662063972895167232
1662063972937168128
1662063972982169088
1662063973024169984
1662063973072171008
1662063973114171904
1662063973156172800
1662063973201173760
1662063973252174848
1662063973300175872
1662063973348176896
1662063973402178048
1662063973444178944
1662063973486179840
1662063973525180672
1662063973564181504
1662063973618182656
1662063973660183552
1662063973699184384
1662063973744185344
1662063973789186304
1662063973834187264
1662063973876188160
1662063973921189120
1662063973963190016
1662063974014191104
1662063974056192000
1662063974095192832
1662063974137193728
1662063974176194560
1662063974218195456
1662063974260196352
1662063974302197248
1662063974350198272
1662063974389199104
1662063974440200192
1662063974482201088
1662063974527202048
1662063974572203008
1662063974614203904
1662063974659204864
1662063974704205824
1662063974749206784
1662063974797207808
1662063974839208704
1662063974881209600
1662063974929210624
1662063974971211520
1662063975016212480
1662063975064213504
1662063975106214400
1662063975154215424
1662063975196216320
1662063975238217216
1662063975280218112
1662063975325219072
1662063975370220032
1662063975412220928
1662063975454221824
1662063975493222656
1662063975532223488
1662063975577224448
1662063975619225344
1662063975661226240
1662063975703227136
1662063975748228096
1662063975790228992
1662063975832229888
1662063975874230784
1662063975910231552
1662063975955232512
1662063975994233344
1662063976036234240
1662063976084235264
1662063976126236160
1662063976168237056
1662063976219238144
1662063976261239040
1662063976303239936
1662063976345240832
1662063976387241728
1662063976429242624
1662063976471243520
1662063976519244544
1662063976561245440
1662063976603246336
1662063976648247296
1662063976693248256
1662063976735249152
1662063976780250112
1662063976822251008
1662063976867251968
1662063976909252864
1662063976954253824
1662063977002254848
1662063977044255744
1662063977089256704
1662063977134257664
1662063977176258560
1662063977218259456
1662063977263260416
1662063977305261312
1662063977347262208
1662063977389263104
1662063977434264064
1662063977476264960
1662063977521265920
1662063977563266816
1662063977617267968
1662063977659268864
1662063977704269824
1662063977761271040
1662063977806272000
1662063977854273024
1662063977896273920
1662063977938274816
1662063977977275648
1662063978022276608
1662063978067277568
1662063978112278528
1662063978151279360
1662063978196280320
1662063978238281216
1662063978286282240
1662063978340283392
1662063978397284608
1662063978445285632
1662063978484286464
1662063978529287424
1662063978571288320
1662063978616289280
1662063978658290176
1662063978703291136
1662063978745292032
1662063978784292864
1662063978826293760
1662063978868294656
1662063978913295616
1662063978961296640
1662063979003297536
1662063979051298560
1662063979093299456
1662063979138300416
1662063979186301440
1662063979228302336
1662063979267303168
1662063979318304256
1662063979363305216
1662063979408306176
1662063979453307136
1662063979495308032
1662063979534308864
1662063979585309952
1662063979627310848
1662063979669311744
1662063979711312640
1662063979756313600
1662063979798314496
1662063979843315456
1662063979888316416
1662063979930317312
1662063979978318336
1662063980020319232
1662063980065320192
1662063980110321152
1662063980158322176
1662063980200323072
1662063980239323904
1662063980284324864
1662063980326325760
1662063980368326656
1662063980410327552
1662063980455328512
1662063980503329536
1662063980545330432
1662063980587331328
1662063980635332352
1662063980683333376
1662063980722334208
1662063980764335104
1662063980806336000
1662063980854337024
1662063980896337920
1662063980947339008
1662063980992339968
1662063981034340864
1662063981073341696
1662063981118342656
1662063981157343488
1662063981199344384
1662063981250345472
1662063981292346368
1662063981337347328
1662063981379348224
1662063981421349120
1662063981472350208
1662063981517351168
1662063981574352384
1662063981616353280
1662063981667354368
1662063981712355328
1662063981757356288
1662063981796357120
1662063981841358080
1662063981889359104
1662063981931360000
1662063981982361088
1662063982024361984
1662063982066362880
1662063982114363904
1662063982159364864
1662063982201365760
1662063982240366592
1662063982288367616
1662063982333368576
1662063982384369664
1662063982426370560
1662063982465371392
1662063982519372544
1662063982561373440
1662063982606374400
1662063982648375296
1662063982693376256
1662063982738377216
1662063982780378112
1662063982822379008
1662063982867379968
1662063982909380864
1662063982954381824
1662063982993382656
1662063983035383552
1662063983080384512
1662063983122385408
1662063983173386496
1662063983212387328
1662063983257388288
1662063983296389120
1662063983338390016
1662063983386391040
1662063983434392064
1662063983479393024
1662063983524393984
1662063983566394880
1662063983608395776
1662063983656396800
1662063983698397696
1662063983737398528
1662063983779399424
1662063983824400384
1662063983863401216
1662063983905402112
1662063983959403264
1662063984001404160
1662063984043405056
1662063984085405952
1662063984124406784
1662063984166407680
1662063984220408832
1662063984262409728
1662063984310410752
1662063984355411712
1662063984397412608
1662063984436413440
1662063984478414336
1662063984520415232
1662063984568416256
1662063984613417216
1662063984658418176
1662063984703419136
1662063984745420032
1662063984790420992
1662063984835421952
1662063984880422912
1662063984940424192
1662063984979425024
1662063985021425920
1662063985063426816
1662063985111427840
1662063985153428736
1662063985195429632
1662063985249430784
1662063985291431680
1662063985330432512
1662063985375433472
1662063985420434432
1662063985459435264
1662063985504436224
1662063985546437120
1662063985591438080
1662063985636439040
1662063985678439936
1662063985726440960
1662063985765441792
1662063985807442688
1662063985855443712
1662063985900444672
1662063985939445504
1662063985987446528
1662063986029447424
1662063986074448384
1662063986116449280
1662063986158450176
1662063986200451072
1662063986248452096
1662063986290452992
1662063986335453952
1662063986377454848
1662063986419455744
1662063986461456640
1662063986509457664
1662063986551458560
1662063986593459456
1662063986647460608
1662063986686461440
1662063986728462336
1662063986770463232
1662063986809464064
1662063986851464960
1662063986896465920
1662063986938466816
1662063986980467712
1662063987022468608
1662063987070469632
1662063987112470528
1662063987157471488
1662063987196472320
1662063987238473216
1662063987289474304
1662063987334475264
1662063987391476480
1662063987430477312
1662063987475478272
1662063987517479168
1662063987559480064
1662063987601480960
1662063987637481728
1662063987679482624
1662063987721483520
1662063987763484416
1662063987805485312
1662063987847486208
1662063987889487104
1662063987937488128
1662063987979489024
1662063988021489920
1662063988057490688
1662063988102491648
1662063988144492544
1662063988186493440
1662063988231494400
1662063988273495296
1662063988318496256
1662063988360497152
1662063988402498048
1662063988441498880
1662063988483499776
1662063988525500672
1662063988567501568
1662063988609502464
1662063988651503360
1662063988696504320
1662063988738505216
1662063988783506176
1662063988825507072
1662063988879508224
1662063988921509120
1662063988963510016
1662063989008510976
1662063989050511872
1662063989092512768
1662063989140513792
1662063989185514752
1662063989227515648
1662063989269516544
1662063989317517568
1662063989362518528
1662063989404519424
1662063989449520384
1662063989491521280
1662063989533522176
1662063989578523136
1662063989623524096
1662063989665524992
1662063989707525888
1662063989755526912
1662063989797527808
1662063989839528704
1662063989881529600
1662063989926530560
1662063989971531520
1662063990016532480
1662063990055533312
1662063990097534208
1662063990139535104
1662063990181536000
1662063990223536896
1662063990265537792
1662063990307538688
1662063990349539584
1662063990391540480
1662063990439541504
1662063990481542400
1662063990526543360
1662063990571544320
1662063990610545152
1662063990652546048
1662063990694546944
1662063990739547904
1662063990784548864
1662063990826549760
1662063990874550784
1662063990916551680
1662063990958552576
1662063991003553536
1662063991045554432
1662063991087555328
1662063991135556352
1662063991183557376
1662063991231558400
1662063991270559232
1662063991318560256
1662063991360561152
1662063991405562112
1662063991450563072
1662063991492563968
1662063991540564992
1662063991579565824
1662063991618566656
1662063991666567680
1662063991708568576
1662063991753569536
1662063991801570560
1662063991843571456
1662063991888572416
1662063991930573312
1662063991975574272
1662063992020575232
1662063992065576192
1662063992113577216
1662063992158578176
1662063992197579008
1662063992245580032
1662063992284580864
1662063992332581888
1662063992374582784
1662063992422583808
1662063992470584832
1662063992521585920
1662063992563586816
1662063992602587648
1662063992647588608
1662063992692589568
1662063992740590592
1662063992785591552
1662063992836592640
1662063992875593472
1662063992917594368
1662063992962595328
1662063993004596224
1662063993049597184
1662063993094598144
1662063993139599104
1662063993178599936
1662063993223600896
1662063993262601728
1662063993304602624
1662063993349603584
1662063993388604416
1662063993430605312
1662063993475606272
1662063993517607168
1662063993559608064
1662063993601608960
1662063993649609984
1662063993691610880
1662063993733611776
1662063993775612672
1662063993826613760
1662063993865614592
1662063993907615488
1662063993949616384
1662063994000617472
1662063994045618432
1662063994084619264
1662063994126620160
1662063994162620928
1662063994207621888
1662063994255622912
1662063994303623936
1662063994345624832
1662063994399625984
1662063994444626944
1662063994486627840
1662063994525628672
1662063994573629696
1662063994621630720
1662063994669631744
1662063994711632640
1662063994756633600
1662063994798634496
1662063994846635520
1662063994888636416
1662063994939637504
1662063994990638592
1662063995032639488
1662063995077640448
1662063995119641344
1662063995164642304
1662063995209643264
1662063995254644224
1662063995299645184
1662063995347646208
1662063995389647104
1662063995434648064
1662063995479649024
1662063995527650048
1662063995569650944
1662063995608651776
1662063995650652672
1662063995695653632
1662063995737654528
1662063995785655552
1662063995830656512
1662063995872657408
1662063995914658304
1662063995953659136
1662063995998660096
1662063996040660992
1662063996085661952
1662063996133662976
1662063996181664000
1662063996229665024
1662063996283666176
1662063996325667072
1662063996373668096
1662063996412668928
1662063996463670016
1662063996508670976
1662063996550671872
1662063996592672768
1662063996637673728
1662063996679674624
1662063996730675712
1662063996775676672
1662063996817677568
1662063996859678464
1662063996904679424
1662063996952680448
1662063996997681408
1662063997048682496
1662063997087683328
1662063997126684160
1662063997177685248
1662063997222686208
1662063997264687104
1662063997306688000
1662063997345688832
1662063997396689920
1662063997444690944
1662063997486691840
1662063997531692800
1662063997573693696
1662063997621694720
1662063997666695680
1662063997708696576
1662063997750697472
1662063997795698432
1662063997840699392
1662063997888700416
1662063997933701376
1662063997975702272
1662063998020703232
1662063998062704128
1662063998107705088
1662063998149705984
1662063998200707072
1662063998242707968
1662063998287708928
1662063998335709952
1662063998377710848
1662063998428711936
1662063998473712896
1662063998527714048
1662063998575715072
1662063998626716160
1662063998677717248
1662063998725718272
1662063998770719232
1662063998812720128
1662063998854721024
1662063998896721920
1662063998944722944
1662063998986723840
1662063999028724736
1662063999079725824
1662063999121726720
1662063999163727616
1662063999208728576
1662063999250729472
1662063999292730368
1662063999334731264
1662063999385732352
1662063999433733376
1662063999475734272
1662063999517735168
1662063999559736064
1662063999604737024
1662063999646737920
1662063999688738816
1662063999730739712
1662063999769740544
1662063999811741440
1662063999856742400
1662063999904743424
1662063999946744320
1662063999988745216
1662064000027746048
1662064000069746944
1662064000114747904
1662064000156748800
1662064000201749760
1662064000246750720
1662064000291751680
1662064000333752576
1662064000378753536
1662064000420754432
1662064000465755392
1662064000510756352
1662064000555757312
1662064000603758336
1662064000648759296
1662064000687760128
1662064000729761024
1662064000771761920
1662064000816762880
1662064000864763904
1662064000906764800
1662064000948765696
1662064000993766656
1662064001044767744
1662064001086768640
1662064001128769536
1662064001173770496
1662064001215771392
1662064001260772352
1662064001308773376
1662064001350774272
1662064001398775296
1662064001440776192
1662064001488777216
1662064001533778176
1662064001578779136
1662064001629780224
1662064001671781120
1662064001713782016
1662064001755782912
1662064001797783808
1662064001839784704
1662064001881785600
1662064001929786624
1662064001971787520
1662064002013788416
1662064002055789312
1662064002097790208
1662064002142791168
1662064002187792128
1662064002229793024
1662064002274793984
1662064002319794944
1662064002373796096
1662064002415796992
1662064002457797888
1662064002499798784
1662064002550799872
1662064002592800768
1662064002634801664
1662064002673802496
1662064002718803456
1662064002760804352
1662064002805805312
1662064002847806208
1662064002889807104
1662064002931808000
1662064002979809024
1662064003030810112
1662064003075811072
1662064003120812032
1662064003168813056
1662064003207813888
1662064003249814784
1662064003294815744
1662064003342816768
1662064003390817792
1662064003435818752
1662064003477819648
1662064003522820608
1662064003564821504
1662064003606822400
1662064003654823424
1662064003699824384
1662064003747825408
1662064003789826304
1662064003828827136
1662064003873828096
1662064003915828992
1662064003960829952
1662064004008830976
1662064004053831936
1662064004092832768
1662064004134833664
1662064004176834560
1662064004218835456
1662064004266836480
1662064004308837376
1662064004350838272
1662064004392839168
1662064004434840064
1662064004485841152
1662064004527842048
1662064004575843072
1662064004617843968
1662064004668845056
1662064004713846016
1662064004758846976
1662064004800847872
1662064004842848768
1662064004887849728
1662064004929850624
1662064004971851520
1662064005019852544
1662064005064853504
1662064005115854592
1662064005160855552
1662064005202856448
1662064005247857408
1662064005289858304
1662064005331859200
1662064005373860096
1662064005424861184
1662064005466862080
1662064005511863040
1662064005553863936
1662064005598864896
1662064005640865792
1662064005682866688
1662064005736867840
1662064005781868800
1662064005826869760
1662064005871870720
1662064005910871552
1662064005955872512
1662064006000873472
1662064006045874432
1662064006090875392
1662064006132876288
1662064006177877248
1662064006222878208
1662064006264879104
1662064006309880064
1662064006360881152
1662064006402882048
1662064006444882944
1662064006489883904
1662064006531884800
1662064006576885760
1662064006621886720
1662064006669887744
1662064006717888768
1662064006762889728
1662064006804890624
1662064006855891712
1662064006897892608
1662064006942893568
1662064006990894592
1662064007032895488
1662064007077896448
1662064007119897344
1662064007161898240
1662064007206899200
1662064007248900096
1662064007290900992
1662064007332901888
1662064007374902784
1662064007425903872
1662064007464904704
1662064007512905728
1662064007557906688
1662064007602907648
1662064007647908608
1662064007692909568
1662064007746910720
1662064007791911680
1662064007833912576
1662064007878913536
1662064007920914432
1662064007962915328
1662064008004916224
1662064008046917120
1662064008091918080
1662064008133918976
1662064008175919872
1662064008220920832
1662064008262921728
1662064008307922688
1662064008352923648
1662064008394924544
1662064008436925440
1662064008478926336
1662064008520927232
1662064008565928192
1662064008610929152
1662064008664930304
1662064008709931264
1662064008754932224
1662064008796933120
1662064008844934144
1662064008889935104
1662064008934936064
1662064008985937152
1662064009027938048
1662064009075939072
1662064009120940032
1662064009162940928
1662064009207941888
1662064009249942784
1662064009288943616
1662064009339944704
1662064009381945600
1662064009423946496
1662064009465947392
1662064009510948352
1662064009558949376
1662064009597950208
1662064009636951040
1662064009678951936
1662064009717952768
1662064009762953728
1662064009807954688
1662064009849955584
1662064009897956608
1662064009948957696
1662064009990958592
1662064010035959552
1662064010077960448
1662064010122961408
1662064010170962432
1662064010215963392
1662064010260964352
1662064010317965568
1662064010365966592
1662064010410967552
1662064010458968576
1662064010500969472
1662064010542970368
1662064010587971328
1662064010629972224
1662064010674973184
1662064010719974144
1662064010767975168
1662064010809976064
1662064010857977088
1662064010902978048
1662064010947979008
1662064010989979904
1662064011031980800
1662064011073981696
1662064011121982720
1662064011172983808
1662064011214984704
1662064011259985664
1662064011307986688
1662064011346987520
1662064011391988480
1662064011436989440
1662064011478990336
1662064011523991296
1662064011568992256
1662064011610993152
1662064011655994112
1662064011700995072
1662064011748996096
1662064011790996992
1662064011835997952
1662064011877998848
1662064011919999744
1662064011965000704
1662064012010001664
1662064012049002496
1662064012091003392
1662064012133004288
1662064012175005184
1662064012217006080
1662064012262007040
1662064012301007872
1662064012346008832
1662064012391009792
1662064012433010688
1662064012481011712
1662064012526012672
1662064012568013568
1662064012610014464
1662064012652015360
1662064012694016256
1662064012748017408
1662064012790018304
1662064012832019200
1662064012874020096
1662064012916020992
1662064012961021952
1662064013015023104
1662064013060024064
1662064013105025024
1662064013150025984
1662064013192026880
1662064013237027840
1662064013279028736
1662064013321029632
1662064013369030656
1662064013411031552
1662064013456032512
1662064013501033472
1662064013543034368
1662064013585035264
1662064013630036224
1662064013678037248
1662064013720038144
1662064013768039168
1662064013810040064
1662064013855041024
1662064013900041984
1662064013948043008
1662064013993043968
1662064014038044928
1662064014089046016
1662064014134046976
1662064014179047936
1662064014224048896
1662064014275049984
1662064014314050816
1662064014356051712
1662064014401052672
1662064014446053632
1662064014488054528
1662064014533055488
1662064014578056448
1662064014623057408
1662064014662058240
1662064014710059264
1662064014758060288
1662064014797061120
1662064014839062016
1662064014887063040
1662064014935064064
1662064014980065024
1662064015031066112
1662064015082067200
1662064015124068096
1662064015166068992
1662064015211069952
1662064015259070976
1662064015304071936
1662064015349072896
1662064015391073792
1662064015436074752
1662064015478075648
1662064015520076544
1662064015574077696
1662064015634078976
1662064015685080064
1662064015727080960
1662064015769081856
1662064015811082752
1662064015850083584
1662064015889084416
1662064015931085312
1662064015973086208
1662064016018087168
1662064016060088064
1662064016111089152
1662064016153090048
1662064016198091008
1662064016240091904
1662064016294093056
1662064016342094080
1662064016387095040
1662064016435096064
1662064016477096960
1662064016522097920
1662064016564098816
1662064016609099776
1662064016660100864
1662064016705101824
1662064016750102784
1662064016792103680
1662064016837104640
1662064016879105536
1662064016924106496
1662064016966107392
1662064017011108352
1662064017053109248
1662064017095110144
1662064017140111104
1662064017182112000
1662064017227112960
1662064017269113856
1662064017311114752
1662064017353115648
1662064017395116544
1662064017437117440
1662064017482118400
1662064017524119296
1662064017566120192
1662064017608121088
1662064017656122112
1662064017704123136
1662064017749124096
1662064017791124992
1662064017836125952
1662064017878126848
1662064017920127744
1662064017965128704
1662064018010129664
1662064018055130624
1662064018103131648
1662064018145132544
1662064018187133440
1662064018232134400
1662064018289135616
1662064018334136576
1662064018382137600
1662064018421138432
1662064018463139328
1662064018505140224
1662064018550141184
1662064018595142144
1662064018640143104
1662064018682144000
1662064018721144832
1662064018766145792
1662064018808146688
1662064018850147584
1662064018892148480
1662064018934149376
1662064018976150272
1662064019024151296
1662064019066152192
1662064019111153152
1662064019153154048
1662064019198155008
1662064019243155968
1662064019288156928
1662064019327157760
1662064019378158848
1662064019417159680
1662064019462160640
1662064019507161600
1662064019552162560
1662064019594163456
1662064019636164352
1662064019672165120
1662064019717166080
1662064019756166912
1662064019798167808
1662064019843168768
1662064019888169728
1662064019936170752
1662064019978171648
1662064020020172544
1662064020065173504
1662064020107174400
1662064020152175360
1662064020194176256
1662064020239177216
1662064020284178176
1662064020329179136
1662064020377180160
1662064020428181248
1662064020479182336
1662064020521183232
1662064020572184320
1662064020614185216
1662064020662186240
1662064020707187200
1662064020752188160
1662064020794189056
1662064020836189952
1662064020878190848
1662064020923191808
1662064020968192768
1662064021013193728
1662064021058194688
1662064021100195584
1662064021154196736
1662064021205197824
1662064021247198720
1662064021289199616
1662064021331200512
1662064021373201408
1662064021421202432
1662064021463203328
1662064021508204288
1662064021553205248
1662064021595206144
1662064021637207040
1662064021682208000
1662064021724208896
1662064021766209792
1662064021811210752
1662064021853211648
1662064021901212672
1662064021949213696
1662064021994214656
1662064022036215552
1662064022081216512
1662064022120217344
1662064022162218240
1662064022210219264
1662064022255220224
1662064022297221120
1662064022342222080
1662064022384222976
1662064022432224000
1662064022474224896
1662064022525225984
1662064022567226880
1662064022612227840
1662064022660228864
1662064022702229760
1662064022747230720
1662064022789231616
1662064022831232512
1662064022888233728
1662064022930234624
1662064022978235648
1662064023017236480
1662064023065237504
1662064023116238592
1662064023155239424
1662064023197240320
1662064023239241216
1662064023281242112
1662064023323243008
1662064023365243904
1662064023407244800
1662064023449245696
1662064023500246784
1662064023542247680
1662064023584248576
1662064023632249600
1662064023677250560
1662064023725251584
1662064023767252480
1662064023809253376
1662064023857254400
1662064023902255360
1662064023944256256
1662064023989257216
1662064024031258112
1662064024076259072
1662064024127260160
1662064024175261184
1662064024217262080
1662064024262263040
1662064024304263936
1662064024352264960
1662064024397265920
1662064024448267008
1662064024496268032
1662064024538268928
1662064024583269888
1662064024634270976
1662064024679271936
1662064024727272960
1662064024778274048
1662064024820274944
1662064024871276032
1662064024913276928
1662064024955277824
1662064024997278720
1662064025039279616
1662064025090280704
1662064025129281536
1662064025177282560
1662064025228283648
1662064025270284544
1662064025312285440
1662064025354286336
1662064025396287232
1662064025456288512
1662064025507289600
1662064025549290496
1662064025594291456
1662064025636292352
1662064025678293248
1662064025720294144
1662064025768295168
1662064025807296000
1662064025852296960
1662064025891297792
1662064025933298688
1662064025972299520
1662064026020300544
1662064026059301376
1662064026101302272
1662064026152303360
1662064026197304320
1662064026242305280
1662064026284306176
1662064026326307072
1662064026368307968
1662064026413308928
1662064026455309824
1662064026500310784
1662064026539311616
1662064026578312448
1662064026620313344
1662064026659314176
1662064026701315072
1662064026740315904
1662064026785316864
1662064026833317888
1662064026878318848
1662064026917319680
1662064026962320640
1662064027007321600
1662064027061322752
1662064027103323648
1662064027142324480
1662064027184325376
1662064027226326272
1662064027271327232
1662064027313328128
1662064027355329024
1662064027397329920
1662064027442330880
1662064027484331776
1662064027532332800
1662064027571333632
1662064027613334528
1662064027655335424
1662064027700336384
1662064027745337344
1662064027787338240
1662064027832339200
1662064027877340160
1662064027922341120
1662064027964342016
1662064028006342912
1662064028051343872
1662064028093344768
1662064028144345856
1662064028192346880
1662064028234347776
1662064028288348928
1662064028333349888
1662064028378350848
1662064028423351808
1662064028462352640
1662064028510353664
1662064028549354496
1662064028591355392
1662064028636356352
1662064028678357248
1662064028723358208
1662064028768359168
1662064028810360064
1662064028849360896
1662064028891361792
1662064028933362688
1662064028975363584
1662064029029364736
1662064029071365632
1662064029113366528
1662064029158367488
1662064029203368448
1662064029245369344
1662064029284370176
1662064029329371136
1662064029374372096
1662064029416372992
1662064029458373888
1662064029503374848
1662064029545375744
1662064029593376768
1662064029635377664
1662064029683378688
1662064029725379584
1662064029767380480
1662064029818381568
1662064029866382592
1662064029908383488
1662064029950384384
1662064029998385408
1662064030052386560
1662064030097387520
1662064030145388544
1662064030196389632
1662064030238390528
1662064030286391552
1662064030331392512
1662064030385393664
1662064030430394624
1662064030469395456
1662064030514396416
1662064030574397696
1662064030616398592
1662064030658399488
1662064030700400384
1662064030748401408
1662064030793402368
1662064030841403392
1662064030886404352
1662064030928405248
1662064030979406336
1662064031024407296
1662064031066408192
1662064031114409216
1662064031156410112
1662064031204411136
1662064031246412032
1662064031291412992
1662064031333413888
1662064031378414848
1662064031417415680
1662064031459416576
1662064031519417856
1662064031564418816
1662064031612419840
1662064031654420736
1662064031699421696
1662064031747422720
1662064031798423808
1662064031846424832
1662064031888425728
1662064031930426624
1662064031972427520
1662064032014428416
1662064032056429312
1662064032098430208
1662064032143431168
1662064032188432128
1662064032230433024
1662064032272433920
1662064032314434816
1662064032356435712
1662064032401436672
1662064032443437568
1662064032488438528
1662064032530439424
1662064032584440576
1662064032623441408
1662064032665442304
1662064032716443392
1662064032758444288
1662064032800445184
1662064032845446144
1662064032899447296
1662064032947448320
1662064032989449216
1662064033031450112
1662064033070450944
1662064033112451840
1662064033154452736
1662064033205453824
1662064033247454720
1662064033295455744
1662064033337456640
1662064033385457664
1662064033427458560
1662064033472459520
1662064033514460416
1662064033559461376
1662064033607462400
1662064033652463360
1662064033694464256
1662064033736465152
1662064033781466112
1662064033826467072
1662064033868467968
1662064033910468864
1662064033955469824
1662064033997470720
1662064034042471680
1662064034084472576
1662064034129473536
1662064034168474368
1662064034210475264
1662064034252476160
1662064034294477056
1662064034336477952
1662064034378478848
1662064034417479680
1662064034459480576
1662064034504481536
1662064034549482496
1662064034597483520
1662064034636484352
1662064034681485312
1662064034723486208
1662064034765487104
1662064034810488064
1662064034855489024
1662064034897489920
1662064034936490752
1662064034984491776
1662064035032492800
1662064035074493696
1662064035122494720
1662064035164495616
1662064035206496512
1662064035248497408
1662064035290498304
1662064035332499200
1662064035374500096
1662064035419501056
1662064035458501888
1662064035500502784
1662064035542503680
1662064035584504576
1662064035626505472
1662064035671506432
1662064035713507328
1662064035758508288
1662064035806509312
1662064035854510336
1662064035896511232
1662064035947512320
1662064035995513344
1662064036037514240
1662064036085515264
1662064036130516224
1662064036172517120
1662064036214518016
1662064036256518912
1662064036310520064
1662064036352520960
1662064036400521984
1662064036445522944
1662064036487523840
1662064036529524736
1662064036571525632
1662064036613526528
1662064036658527488
1662064036697528320
1662064036739529216
1662064036787530240
1662064036835531264
1662064036877532160
1662064036922533120
1662064036967534080
1662064037015535104
1662064037057536000
1662064037099536896
1662064037147537920
1662064037189538816
1662064037234539776
1662064037282540800
1662064037324541696
1662064037369542656
1662064037408543488
1662064037450544384
1662064037492545280
1662064037534546176
1662064037576547072
1662064037621548032
1662064037663548928
1662064037705549824
1662064037750550784
1662064037795551744
1662064037843552768
1662064037885553664
1662064037930554624
1662064037972555520
1662064038014556416
1662064038056557312
1662064038104558336
1662064038149559296
1662064038191560192
1662064038239561216
1662064038281562112
1662064038323563008
1662064038365563904
1662064038413564928
1662064038455565824
1662064038497566720
1662064038542567680
1662064038590568704
1662064038638569728
1662064038680570624
1662064038719571456
1662064038761572352
1662064038806573312
1662064038851574272
1662064038896575232
1662064038938576128
1662064038983577088
1662064039028578048
1662064039076579072
1662064039118579968
1662064039160580864
1662064039205581824
1662064039253582848
1662064039295583744
1662064039340584704
1662064039382585600
1662064039424586496
1662064039469587456
1662064039508588288
1662064039550589184
1662064039595590144
1662064039637591040
1662064039685592064
1662064039727592960
1662064039766593792
1662064039811594752
1662064039853595648
1662064039898596608
1662064039940597504
1662064039982598400
1662064040024599296
1662064040072600320
1662064040114601216
1662064040162602240
1662064040207603200
1662064040252604160
1662064040303605248
1662064040348606208
1662064040390607104
1662064040435608064
1662064040477608960
1662064040519609856
1662064040561610752
1662064040603611648
1662064040642612480
1662064040699613696
1662064040738614528
1662064040777615360
1662064040819616256
1662064040864617216
1662064040906618112
1662064040945618944
1662064040990619904
1662064041032620800
1662064041074621696
1662064041122622720
1662064041164623616
1662064041209624576
1662064041254625536
1662064041296626432
1662064041347627520
1662064041395628544
1662064041443629568
1662064041488630528
1662064041533631488
1662064041584632576
1662064041629633536
1662064041671634432
1662064041713635328
1662064041755636224
1662064041806637312
1662064041845638144
1662064041887639040
1662064041932640000
1662064041977640960
1662064042025641984
1662064042076643072
1662064042121644032
1662064042163644928
1662064042205645824
1662064042247646720
1662064042292647680
1662064042334648576
1662064042379649536
1662064042424650496
1662064042466651392
1662064042508652288
1662064042553653248
1662064042598654208
1662064042646655232
1662064042691656192
1662064042733657088
1662064042778658048
1662064042829659136
1662064042871660032
1662064042916660992
1662064042964662016
1662064043015663104
1662064043057664000
1662064043108665088
1662064043153666048
1662064043198667008
1662064043240667904
1662064043288668928
1662064043330669824
1662064043378670848
1662064043423671808
1662064043471672832
1662064043513673728
1662064043558674688
1662064043603675648
1662064043657676800
1662064043705677824
1662064043750678784
1662064043792679680
1662064043843680768
1662064043882681600
1662064043927682560
1662064043966683392
1662064044011684352
1662064044062685440
1662064044107686400
1662064044146687232
1662064044197688320
1662064044239689216
1662064044290690304
1662064044332691200
1662064044383692288
1662064044431693312
1662064044473694208
1662064044515695104
1662064044563696128
1662064044602696960
1662064044647697920
1662064044698699008
1662064044743699968
1662064044788700928
1662064044830701824
1662064044872702720
1662064044923703808
1662064044965704704
1662064045016705792
1662064045058706688
1662064045100707584
1662064045145708544
1662064045187709440
1662064045238710528
1662064045280711424
1662064045328712448
1662064045370713344
1662064045415714304
1662064045454715136
1662064045496716032
1662064045544717056
1662064045589718016
1662064045634718976
1662064045679719936
1662064045721720832
1662064045763721728
1662064045805722624
1662064045850723584
1662064045895724544
1662064045940725504
1662064045982726400
1662064046027727360
1662064046075728384
1662064046123729408
1662064046165730304
1662064046207731200
1662064046258732288
1662064046303733248
1662064046351734272
1662064046396735232
1662064046441736192
1662064046492737280
1662064046534738176
1662064046576739072
1662064046621740032
1662064046666740992
1662064046711741952
1662064046756742912
1662064046804743936
1662064046846744832
1662064046885745664
1662064046927746560
1662064046969747456
1662064047014748416
1662064047056749312
1662064047101750272
1662064047149751296
1662064047194752256
1662064047239753216
1662064047284754176
1662064047326755072
1662064047371756032
1662064047419757056
1662064047464758016
1662064047509758976
1662064047554759936
1662064047605761024
1662064047653762048
1662064047707763200
1662064047752764160
1662064047794765056
1662064047836765952
1662064047878766848
1662064047923767808
1662064047965768704
1662064048010769664
1662064048052770560
1662064048094771456
1662064048142772480
1662064048184773376
1662064048226774272
1662064048277775360
1662064048319776256
1662064048361777152
1662064048406778112
1662064048448779008
1662064048493779968
1662064048535780864
1662064048577781760
1662064048619782656
1662064048664783616
1662064048706784512
1662064048754785536
1662064048793786368
1662064048832787200
1662064048877788160
1662064048922789120
1662064048967790080
1662064049009790976
1662064049048791808
1662064049096792832
1662064049141793792
1662064049186794752
1662064049234795776
1662064049276796672
1662064049318797568
1662064049366798592
1662064049408799488
1662064049450800384
1662064049495801344
1662064049537802240
1662064049576803072
1662064049618803968
1662064049660804864
1662064049702805760
1662064049744806656
1662064049789807616
1662064049834808576
1662064049876809472
1662064049918810368
1662064049960811264
1662064050002812160
1662064050053813248
1662064050095814144
1662064050137815040
1662064050179815936
1662064050221816832
1662064050263817728
1662064050305818624
1662064050347819520
1662064050389820416
1662064050434821376
1662064050482822400
1662064050524823296
1662064050584824576
1662064050626825472
1662064050668826368
1662064050713827328
1662064050755828224
1662064050797829120
1662064050845830144
1662064050887831040
1662064050932832000
1662064050977832960
1662064051016833792
1662064051070834944
1662064051115835904
1662064051157836800
1662064051199837696
1662064051241838592
1662064051283839488
1662064051325840384
1662064051367841280
1662064051409842176
1662064051454843136
1662064051499844096
1662064051544845056
1662064051592846080
1662064051631846912
1662064051673847808
1662064051715848704
1662064051763849728
1662064051808850688
1662064051853851648
1662064051901852672
1662064051943853568
1662064051985854464
1662064052036855552
1662064052081856512
1662064052129857536
1662064052171858432
1662064052213859328
1662064052261860352
1662064052303861248
1662064052345862144
1662064052387863040
1662064052438864128
1662064052483865088
1662064052525865984
1662064052573867008
1662064052624868096
1662064052669869056
1662064052714870016
1662064052759870976
1662064052795871744
1662064052840872704
1662064052885873664
1662064052924874496
1662064052969875456
1662064053011876352
1662064053056877312
1662064053098878208
1662064053143879168
1662064053188880128
1662064053233881088
1662064053278882048
1662064053323883008
1662064053365883904
1662064053407884800
1662064053452885760
1662064053491886592
1662064053533887488
1662064053575888384
1662064053614889216
1662064053659890176
1662064053698891008
1662064053746892032
1662064053791892992
1662064053842894080
1662064053884894976
1662064053929895936
1662064053974896896
1662064054019897856
1662064054061898752
1662064054103899648
1662064054142900480
1662064054184901376
1662064054223902208
1662064054265903104
1662064054307904000
1662064054355905024
1662064054409906176
1662064054457907200
1662064054502908160
1662064054541908992
1662064054589910016
1662064054631910912
1662064054676911872
1662064054727912960
1662064054772913920
1662064054814914816
1662064054865915904
1662064054910916864
1662064054946917632
1662064054997918720
1662064055042919680
1662064055090920704
1662064055138921728
1662064055180922624
1662064055225923584
1662064055270924544
1662064055315925504
1662064055360926464
