1662121584099220736
1662121584144221696
1662121584186222592
1662121584234223616
1662121584279224576
1662121584321225472
1662121584369226496
1662121584417227520
1662121584459228416
1662121584498229248
1662121584540230144
1662121584582231040
1662121584624231936
1662121584669232896
1662121584717233920
1662121584762234880
1662121584807235840
1662121584855236864
1662121584900237824
1662121584942238720
1662121584987239680
1662121585032240640
1662121585074241536
1662121585119242496
1662121585161243392
1662121585203244288
1662121585251245312
1662121585296246272
1662121585338247168
1662121585389248256
1662121585434249216
1662121585476250112
1662121585524251136
1662121585575252224
1662121585617253120
1662121585671254272
1662121585716255232
1662121585758256128
1662121585803257088
1662121585845257984
1662121585887258880
1662121585932259840
1662121585977260800
1662121586019261696
1662121586061262592
1662121586106263552
1662121586151264512
1662121586193265408
1662121586235266304
1662121586277267200
1662121586319268096
1662121586364269056
1662121586409270016
1662121586460271104
1662121586502272000
1662121586553273088
1662121586595273984
1662121586634274816
1662121586679275776
1662121586724276736
1662121586766277632
1662121586823278848
1662121586868279808
1662121586916280832
1662121586961281792
1662121587003282688
1662121587048283648
1662121587093284608
1662121587135285504
1662121587177286400
1662121587216287232
1662121587258288128
1662121587303289088
1662121587345289984
1662121587387290880
1662121587429291776
1662121587474292736
1662121587522293760
1662121587567294720
1662121587615295744
1662121587657296640
1662121587702297600
1662121587747298560
1662121587789299456
1662121587834300416
1662121587876301312
1662121587921302272
1662121587966303232
1662121588008304128
1662121588053305088
1662121588101306112
1662121588143307008
1662121588197308160
1662121588245309184
1662121588290310144
1662121588332311040
1662121588383312128
1662121588428313088
1662121588470313984
1662121588512314880
1662121588557315840
1662121588602316800
1662121588644317696
1662121588686318592
1662121588737319680
1662121588779320576
1662121588821321472
1662121588872322560
1662121588914323456
1662121588962324480
1662121589004325376
1662121589043326208
1662121589088327168
1662121589130328064
1662121589172328960
1662121589214329856
1662121589265330944
1662121589307331840
1662121589349332736
1662121589397333760
1662121589439334656
1662121589478335488
1662121589520336384
1662121589565337344
1662121589604338176
1662121589646339072
1662121589691340032
1662121589739341056
1662121589784342016
1662121589826342912
1662121589871343872
1662121589919344896
1662121589961345792
1662121590003346688
1662121590051347712
1662121590093348608
1662121590135349504
1662121590183350528
1662121590228351488
1662121590279352576
1662121590321353472
1662121590360354304
1662121590405355264
1662121590447356160
1662121590492357120
1662121590540358144
1662121590579358976
1662121590621359872
1662121590663360768
1662121590705361664
1662121590747362560
1662121590792363520
1662121590837364480
1662121590885365504
1662121590927366400
1662121590969367296
1662121591014368256
1662121591062369280
1662121591107370240
1662121591155371264
1662121591194372096
1662121591236372992
1662121591284374016
1662121591329374976
1662121591374375936
1662121591428377088
1662121591473378048
1662121591518379008
1662121591560379904
1662121591611380992
1662121591650381824
1662121591701382912
1662121591743383808
1662121591785384704
1662121591830385664
1662121591875386624
1662121591917387520
1662121591962388480
1662121592007389440
1662121592049390336
1662121592091391232
1662121592133392128
1662121592175393024
1662121592226394112
1662121592268395008
1662121592313395968
1662121592352396800
1662121592391397632
1662121592439398656
1662121592496399872
1662121592538400768
1662121592583401728
1662121592625402624
1662121592670403584
1662121592712404480
1662121592751405312
1662121592799406336
1662121592844407296
1662121592883408128
1662121592925409024
1662121592970409984
1662121593024411136
1662121593069412096
1662121593114413056
1662121593156413952
1662121593201414912
1662121593246415872
1662121593294416896
1662121593342417920
1662121593390418944
1662121593444420096
1662121593486420992
1662121593531421952
1662121593576422912
1662121593627424000
1662121593672424960
1662121593726426112
1662121593777427200
1662121593816428032
1662121593855428864
1662121593900429824
1662121593948430848
1662121594005432064
1662121594050433024
1662121594092433920
1662121594143435008
1662121594185435904
1662121594230436864
1662121594278437888
1662121594323438848
1662121594371439872
1662121594416440832
1662121594461441792
1662121594503442688
1662121594551443712
1662121594599444736
1662121594641445632
1662121594683446528
1662121594725447424
1662121594770448384
1662121594812449280
1662121594857450240
1662121594899451136
1662121594941452032
1662121594983452928
1662121595034454016
1662121595076454912
1662121595124455936
1662121595184457216
1662121595226458112
1662121595274459136
1662121595316460032
1662121595361460992
1662121595406461952
1662121595454462976
1662121595496463872
1662121595541464832
1662121595583465728
1662121595631466752
1662121595676467712
1662121595724468736
1662121595772469760
1662121595826470912
1662121595868471808
1662121595919472896
1662121595964473856
1662121596006474752
1662121596051475712
1662121596099476736
1662121596144477696
1662121596186478592
1662121596234479616
1662121596276480512
1662121596318481408
1662121596357482240
1662121596399483136
1662121596447484160
1662121596489485056
1662121596534486016
1662121596576486912
1662121596630488064
1662121596675489024
1662121596720489984
1662121596768491008
1662121596819492096
1662121596861492992
1662121596912494080
1662121596951494912
1662121596993495808
1662121597038496768
1662121597083497728
1662121597125498624
1662121597173499648
1662121597215500544
1662121597260501504
1662121597305502464
1662121597344503296
1662121597389504256
1662121597443505408
1662121597485506304
1662121597524507136
1662121597572508160
1662121597617509120
1662121597662510080
1662121597710511104
1662121597761512192
1662121597812513280
1662121597863514368
1662121597908515328
1662121597950516224
1662121598001517312
1662121598043518208
1662121598097519360
1662121598148520448
1662121598190521344
1662121598238522368
1662121598283523328
1662121598334524416
1662121598379525376
1662121598427526400
1662121598472527360
1662121598520528384
1662121598565529344
1662121598607530240
1662121598652531200
1662121598694532096
1662121598742533120
1662121598781533952
1662121598823534848
1662121598868535808
1662121598913536768
1662121598955537664
1662121598997538560
1662121599042539520
1662121599090540544
1662121599135541504
1662121599183542528
1662121599231543552
1662121599279544576
1662121599324545536
1662121599369546496
1662121599411547392
1662121599456548352
1662121599498549248
1662121599543550208
1662121599585551104
1662121599633552128
1662121599678553088
1662121599717553920
1662121599762554880
1662121599807555840
1662121599852556800
1662121599894557696
1662121599936558592
1662121599984559616
1662121600026560512
1662121600071561472
1662121600122562560
1662121600179563776
1662121600221564672
1662121600263565568
1662121600302566400
1662121600350567424
1662121600395568384
1662121600437569280
1662121600482570240
1662121600536571392
1662121600581572352
1662121600623573248
1662121600665574144
1662121600710575104
1662121600752576000
1662121600806577152
1662121600848578048
1662121600890578944
1662121600932579840
1662121600974580736
1662121601025581824
1662121601070582784
1662121601115583744
1662121601157584640
1662121601205585664
1662121601247586560
1662121601289587456
1662121601337588480
1662121601382589440
1662121601433590528
1662121601475591424
1662121601517592320
1662121601559593216
1662121601604594176
1662121601652595200
1662121601697596160
1662121601742597120
1662121601784598016
1662121601835599104
1662121601880600064
1662121601928601088
1662121601970601984
1662121602027603200
1662121602075604224
1662121602117605120
1662121602162606080
1662121602204606976
1662121602255608064
1662121602297608960
1662121602336609792
1662121602378610688
1662121602426611712
1662121602468612608
1662121602519613696
1662121602555614464
1662121602600615424
1662121602645616384
1662121602699617536
1662121602741618432
1662121602783619328
1662121602825620224
1662121602867621120
1662121602909622016
1662121602951622912
1662121602999623936
1662121603047624960
1662121603089625856
1662121603140626944
1662121603185627904
1662121603227628800
1662121603281629952
1662121603326630912
1662121603368631808
1662121603422632960
1662121603467633920
1662121603509634816
1662121603563635968
1662121603608636928
1662121603650637824
1662121603692638720
1662121603734639616
1662121603776640512
1662121603818641408
1662121603860642304
1662121603905643264
1662121603953644288
1662121604001645312
1662121604043646208
1662121604088647168
1662121604133648128
1662121604175649024
1662121604217649920
1662121604262650880
1662121604307651840
1662121604355652864
1662121604394653696
1662121604442654720
1662121604484655616
1662121604523656448
1662121604574657536
1662121604619658496
1662121604664659456
1662121604709660416
1662121604754661376
1662121604805662464
1662121604850663424
1662121604895664384
1662121604940665344
1662121604988666368
1662121605042667520
1662121605084668416
1662121605129669376
1662121605174670336
1662121605216671232
1662121605255672064
1662121605300673024
1662121605342673920
1662121605396675072
1662121605438675968
1662121605480676864
1662121605528677888
1662121605573678848
1662121605618679808
1662121605663680768
1662121605705681664
1662121605747682560
1662121605798683648
1662121605840684544
1662121605882685440
1662121605930686464
1662121605975687424
1662121606017688320
1662121606059689216
1662121606104690176
1662121606146691072
1662121606188691968
1662121606230692864
1662121606275693824
1662121606323694848
1662121606368695808
1662121606413696768
1662121606455697664
1662121606497698560
1662121606542699520
1662121606587700480
1662121606626701312
1662121606665702144
1662121606710703104
1662121606758704128
1662121606803705088
1662121606857706240
1662121606902707200
1662121606944708096
1662121606986708992
1662121607031709952
1662121607076710912
1662121607124711936
1662121607169712896
1662121607217713920
1662121607262714880
1662121607304715776
1662121607346716672
1662121607391717632
1662121607436718592
1662121607487719680
1662121607532720640
1662121607577721600
1662121607628722688
1662121607670723584
1662121607715724544
1662121607763725568
1662121607805726464
1662121607847727360
1662121607889728256
1662121607928729088
1662121607970729984
1662121608018731008
1662121608060731904
1662121608102732800
1662121608147733760
1662121608198734848
1662121608246735872
1662121608288736768
1662121608333737728
1662121608375738624
1662121608426739712
1662121608468740608
1662121608510741504
1662121608552742400
1662121608597743360
1662121608639744256
1662121608681745152
1662121608729746176
1662121608777747200
1662121608822748160
1662121608867749120
1662121608909750016
1662121608951750912
1662121609002752000
1662121609044752896
1662121609086753792
1662121609134754816
1662121609182755840
1662121609230756864
1662121609272757760
1662121609317758720
1662121609359759616
1662121609398760448
1662121609443761408
1662121609491762432
1662121609533763328
1662121609575764224
1662121609617765120
1662121609662766080
1662121609710767104
1662121609755768064
1662121609797768960
1662121609839769856
1662121609884770816
1662121609935771904
1662121609977772800
1662121610022773760
1662121610064774656
1662121610106775552
1662121610151776512
1662121610196777472
1662121610238778368
1662121610292779520
1662121610331780352
1662121610382781440
1662121610427782400
1662121610469783296
1662121610511784192
1662121610559785216
1662121610604786176
1662121610646787072
1662121610691788032
1662121610733788928
1662121610787790080
1662121610832791040
1662121610874791936
1662121610922792960
1662121610964793856
1662121611006794752
1662121611048795648
1662121611096796672
1662121611147797760
1662121611198798848
1662121611252800000
1662121611294800896
1662121611336801792
1662121611381802752
1662121611432803840
1662121611474804736
1662121611519805696
1662121611561806592
1662121611603807488
1662121611651808512
1662121611702809600
1662121611747810560
1662121611789811456
1662121611834812416
1662121611879813376
1662121611927814400
1662121611972815360
1662121612017816320
1662121612062817280
1662121612107818240
1662121612152819200
1662121612194820096
1662121612236820992
1662121612278821888
1662121612323822848
1662121612368823808
1662121612410824704
1662121612449825536
1662121612491826432
1662121612548827648
1662121612593828608
1662121612635829504
1662121612683830528
1662121612731831552
1662121612770832384
1662121612818833408
1662121612860834304
1662121612902835200
1662121612947836160
1662121612989837056
1662121613037838080
1662121613082839040
1662121613124839936
1662121613166840832
1662121613211841792
1662121613259842816
1662121613307843840
1662121613349844736
1662121613397845760
1662121613442846720
1662121613484847616
1662121613526848512
1662121613577849600
1662121613625850624
1662121613670851584
1662121613724852736
1662121613769853696
1662121613817854720
1662121613859855616
1662121613907856640
1662121613958857728
1662121614009858816
1662121614054859776
1662121614096860672
1662121614138861568
1662121614177862400
1662121614219863296
1662121614267864320
1662121614318865408
1662121614360866304
1662121614405867264
1662121614450868224
1662121614492869120
1662121614540870144
1662121614582871040
1662121614630872064
1662121614672872960
1662121614720873984
1662121614768875008
1662121614816876032
1662121614855876864
1662121614897877760
1662121614939878656
1662121614987879680
1662121615032880640
1662121615077881600
1662121615119882496
1662121615164883456
1662121615209884416
1662121615254885376
1662121615302886400
1662121615350887424
1662121615395888384
1662121615443889408
1662121615488890368
1662121615530891264
1662121615584892416
1662121615626893312
1662121615668894208
1662121615707895040
1662121615752896000
1662121615800897024
1662121615845897984
1662121615896899072
1662121615947900160
1662121615992901120
1662121616034902016
1662121616079902976
1662121616127904000
1662121616178905088
1662121616223906048
1662121616268907008
1662121616316908032
1662121616358908928
1662121616412910080
1662121616463911168
1662121616505912064
1662121616547912960
1662121616589913856
1662121616634914816
1662121616679915776
1662121616727916800
1662121616769917696
1662121616823918848
1662121616865919744
1662121616913920768
1662121616955921664
1662121616997922560
1662121617045923584
1662121617087924480
1662121617132925440
1662121617177926400
1662121617222927360
1662121617264928256
1662121617312929280
1662121617360930304
1662121617402931200
1662121617444932096
1662121617501933312
1662121617543934208
1662121617591935232
1662121617639936256
1662121617690937344
1662121617741938432
1662121617789939456
1662121617831940352
1662121617873941248
1662121617918942208
1662121617966943232
1662121618014944256
1662121618062945280
1662121618104946176
1662121618149947136
1662121618200948224
1662121618245949184
1662121618287950080
1662121618326950912
1662121618368951808
1662121618410952704
1662121618452953600
1662121618500954624
1662121618545955584
1662121618599956736
1662121618641957632
1662121618686958592
1662121618728959488
1662121618770960384
1662121618815961344
1662121618863962368
1662121618905963264
1662121618947964160
1662121618992965120
1662121619034966016
1662121619079966976
1662121619124967936
1662121619166968832
1662121619211969792
1662121619253970688
1662121619304971776
1662121619346972672
1662121619400973824
1662121619442974720
1662121619490975744
1662121619535976704
1662121619577977600
1662121619619978496
1662121619667979520
1662121619706980352
1662121619751981312
1662121619802982400
1662121619847983360
1662121619892984320
1662121619937985280
1662121619979986176
1662121620027987200
1662121620075988224
1662121620117989120
1662121620162990080
1662121620207991040
1662121620252992000
1662121620306993152
1662121620351994112
1662121620396995072
1662121620438995968
1662121620480996864
1662121620525997824
1662121620570998784
1662121620615999744
1662121620658000640
1662121620703001600
1662121620757002752
1662121620799003648
1662121620847004672
1662121620892005632
1662121620934006528
1662121620976007424
1662121621018008320
1662121621060009216
1662121621111010304
1662121621159011328
1662121621204012288
1662121621246013184
1662121621291014144
1662121621330014976
1662121621372015872
1662121621414016768
1662121621462017792
1662121621507018752
1662121621555019776
1662121621594020608
1662121621645021696
1662121621687022592
1662121621729023488
1662121621774024448
1662121621816025344
1662121621861026304
1662121621912027392
1662121621957028352
1662121622005029376
1662121622050030336
1662121622095031296
1662121622137032192
1662121622182033152
1662121622227034112
1662121622272035072
1662121622323036160
1662121622374037248
1662121622413038080
1662121622458039040
1662121622503040000
1662121622548040960
1662121622593041920
1662121622638042880
1662121622686043904
1662121622731044864
1662121622773045760
1662121622818046720
1662121622863047680
1662121622908048640
1662121622953049600
1662121623001050624
1662121623049051648
1662121623097052672
1662121623148053760
1662121623193054720
1662121623238055680
1662121623295056896
1662121623340057856
1662121623385058816
1662121623427059712
1662121623472060672
1662121623514061568
1662121623559062528
1662121623604063488
1662121623658064640
1662121623700065536
1662121623742066432
1662121623784067328
1662121623829068288
1662121623877069312
1662121623919070208
1662121623961071104
1662121624006072064
1662121624051073024
1662121624093073920
1662121624135074816
1662121624180075776
1662121624225076736
1662121624279077888
1662121624324078848
1662121624369079808
1662121624411080704
1662121624456081664
1662121624498082560
1662121624543083520
1662121624594084608
1662121624642085632
1662121624687086592
1662121624735087616
1662121624780088576
1662121624828089600
1662121624879090688
1662121624924091648
1662121624966092544
1662121625020093696
1662121625065094656
1662121625107095552
1662121625152096512
1662121625197097472
1662121625239098368
1662121625284099328
1662121625335100416
1662121625380101376
1662121625425102336
1662121625467103232
1662121625512104192
1662121625560105216
1662121625608106240
1662121625653107200
1662121625698108160
1662121625752109312
1662121625797110272
1662121625839111168
1662121625887112192
1662121625929113088
1662121625977114112
1662121626016114944
1662121626058115840
1662121626100116736
1662121626148117760
1662121626193118720
1662121626241119744
1662121626283120640
1662121626325121536
1662121626370122496
1662121626412123392
1662121626457124352
1662121626502125312
1662121626544126208
1662121626589127168
1662121626631128064
1662121626673128960
1662121626715129856
1662121626760130816
1662121626808131840
1662121626859132928
1662121626904133888
1662121626952134912
1662121626997135872
1662121627042136832
1662121627090137856
1662121627135138816
1662121627177139712
1662121627228140800
1662121627276141824
1662121627318142720
1662121627360143616
1662121627405144576
1662121627447145472
1662121627498146560
1662121627549147648
1662121627597148672
1662121627639149568
1662121627690150656
1662121627732151552
1662121627774152448
1662121627816153344
1662121627858154240
1662121627900155136
1662121627942156032
1662121627984156928
1662121628029157888
1662121628071158784
1662121628119159808
1662121628173160960
1662121628212161792
1662121628254162688
1662121628299163648
1662121628350164736
1662121628398165760
1662121628440166656
1662121628488167680
1662121628533168640
1662121628581169664
1662121628623170560
1662121628671171584
1662121628722172672
1662121628770173696
1662121628818174720
1662121628860175616
1662121628908176640
1662121628953177600
1662121629001178624
1662121629049179648
1662121629094180608
1662121629145181696
1662121629196182784
1662121629244183808
1662121629289184768
1662121629331185664
1662121629376186624
1662121629424187648
1662121629472188672
1662121629517189632
1662121629571190784
1662121629616191744
1662121629661192704
1662121629703193600
1662121629739194368
1662121629787195392
1662121629838196480
1662121629883197440
1662121629931198464
1662121629973199360
1662121630015200256
1662121630057201152
1662121630102202112
1662121630153203200
1662121630195204096
1662121630237204992
1662121630282205952
1662121630324206848
1662121630369207808
1662121630423208960
1662121630474210048
1662121630525211136
1662121630582212352
1662121630621213184
1662121630660214016
1662121630702214912
1662121630750215936
1662121630792216832
1662121630843217920
1662121630885218816
1662121630933219840
1662121630975220736
1662121631026221824
1662121631068222720
1662121631119223808
1662121631167224832
1662121631212225792
1662121631254226688
1662121631305227776
1662121631347228672
1662121631389229568
1662121631431230464
1662121631482231552
1662121631530232576
1662121631575233536
1662121631620234496
1662121631662235392
1662121631707236352
1662121631752237312
1662121631800238336
1662121631854239488
1662121631896240384
1662121631938241280
1662121631983242240
1662121632022243072
1662121632064243968
1662121632109244928
1662121632154245888
1662121632196246784
1662121632244247808
1662121632289248768
1662121632334249728
1662121632382250752
1662121632424251648
1662121632466252544
1662121632508253440
1662121632553254400
1662121632598255360
1662121632649256448
1662121632697257472
1662121632751258624
1662121632793259520
1662121632838260480
1662121632883261440
1662121632925262336
1662121632976263424
1662121633018264320
1662121633066265344
1662121633111266304
1662121633159267328
1662121633204268288
1662121633246269184
1662121633291270144
1662121633339271168
1662121633390272256
1662121633435273216
1662121633477274112
1662121633519275008
1662121633564275968
1662121633609276928
1662121633651277824
1662121633696278784
1662121633738279680
1662121633786280704
1662121633828281600
1662121633876282624
1662121633921283584
1662121633963284480
1662121634008285440
1662121634050286336
1662121634098287360
1662121634143288320
1662121634185289216
1662121634233290240
1662121634281291264
1662121634320292096
1662121634368293120
1662121634422294272
1662121634467295232
1662121634515296256
1662121634554297088
1662121634602298112
1662121634644299008
1662121634692300032
1662121634746301184
1662121634797302272
1662121634842303232
1662121634884304128
1662121634929305088
1662121634980306176
1662121635022307072
1662121635073308160
1662121635124309248
1662121635169310208
1662121635211311104
1662121635262312192
1662121635307313152
1662121635349314048
1662121635391314944
1662121635436315904
1662121635484316928
1662121635526317824
1662121635574318848
1662121635622319872
1662121635670320896
1662121635724322048
1662121635769323008
1662121635811323904
1662121635853324800
1662121635901325824
1662121635946326784
1662121635991327744
1662121636033328640
1662121636078329600
1662121636123330560
1662121636174331648
1662121636219332608
1662121636267333632
1662121636309334528
1662121636351335424
1662121636396336384
1662121636438337280
1662121636480338176
1662121636525339136
1662121636567340032
1662121636609340928
1662121636657341952
1662121636702342912
1662121636744343808
1662121636789344768
1662121636840345856
1662121636894347008
1662121636942348032
1662121636987348992
1662121637029349888
1662121637074350848
1662121637125351936
1662121637170352896
1662121637212353792
1662121637254354688
1662121637302355712
1662121637350356736
1662121637398357760
1662121637443358720
1662121637485359616
1662121637533360640
1662121637587361792
1662121637632362752
1662121637677363712
1662121637719364608
1662121637761365504
1662121637803366400
1662121637848367360
1662121637887368192
1662121637929369088
1662121637974370048
1662121638019371008
1662121638061371904
1662121638103372800
1662121638145373696
1662121638190374656
1662121638232375552
1662121638277376512
1662121638319377408
1662121638361378304
1662121638406379264
1662121638448380160
1662121638490381056
1662121638532381952
1662121638574382848
1662121638616383744
1662121638655384576
1662121638703385600
1662121638748386560
1662121638799387648
1662121638841388544
1662121638895389696
1662121638937390592
1662121638979391488
1662121639024392448
1662121639063393280
1662121639105394176
1662121639159395328
1662121639204396288
1662121639249397248
1662121639300398336
1662121639342399232
1662121639387400192
1662121639432401152
1662121639477402112
1662121639519403008
1662121639564403968
1662121639609404928
1662121639651405824
1662121639699406848
1662121639750407936
1662121639792408832
1662121639834409728
1662121639876410624
1662121639924411648
1662121639969412608
1662121640011413504
1662121640062414592
1662121640113415680
1662121640155416576
1662121640197417472
1662121640239418368
1662121640284419328
1662121640326420224
1662121640371421184
1662121640419422208
1662121640464423168
1662121640506424064
1662121640554425088
1662121640590425856
1662121640644427008
1662121640692428032
1662121640737428992
1662121640785430016
1662121640824430848
1662121640866431744
1662121640911432704
1662121640959433728
1662121641004434688
1662121641049435648
1662121641091436544
1662121641142437632
1662121641193438720
1662121641238439680
1662121641283440640
1662121641337441792
1662121641379442688
1662121641421443584
1662121641463444480
1662121641505445376
1662121641550446336
1662121641601447424
1662121641643448320
1662121641694449408
1662121641739450368
1662121641778451200
1662121641823452160
1662121641868453120
1662121641907453952
1662121641952454912
1662121641997455872
1662121642042456832
1662121642090457856
1662121642132458752
1662121642174459648
1662121642219460608
1662121642264461568
1662121642312462592
1662121642354463488
1662121642399464448
1662121642441465344
1662121642483466240
1662121642528467200
1662121642570468096
1662121642612468992
1662121642660470016
1662121642705470976
1662121642747471872
1662121642801473024
1662121642843473920
1662121642891474944
1662121642939475968
1662121642981476864
1662121643023477760
1662121643065478656
1662121643107479552
1662121643149480448
1662121643191481344
1662121643233482240
1662121643275483136
1662121643317484032
1662121643362484992
1662121643410486016
1662121643455486976
1662121643503488000
1662121643542488832
1662121643587489792
1662121643629490688
1662121643674491648
1662121643719492608
1662121643764493568
1662121643806494464
1662121643845495296
1662121643887496192
1662121643932497152
1662121643983498240
1662121644034499328
1662121644079500288
1662121644121501184
1662121644160502016
1662121644208503040
1662121644250503936
1662121644295504896
1662121644337505792
1662121644385506816
1662121644433507840
1662121644478508800
1662121644526509824
1662121644568510720
1662121644613511680
1662121644658512640
1662121644706513664
1662121644748514560
1662121644799515648
1662121644853516800
1662121644898517760
1662121644940518656
1662121644988519680
1662121645033520640
1662121645078521600
1662121645120522496
1662121645162523392
1662121645210524416
1662121645252525312
1662121645300526336
1662121645342527232
1662121645384528128
1662121645426529024
1662121645468529920
1662121645510530816
1662121645561531904
1662121645603532800
1662121645645533696
1662121645690534656
1662121645735535616
1662121645780536576
1662121645825537536
1662121645870538496
1662121645912539392
1662121645957540352
1662121646005541376
1662121646053542400
1662121646107543552
1662121646149544448
1662121646197545472
1662121646239546368
1662121646281547264
1662121646329548288
1662121646371549184
1662121646419550208
1662121646470551296
1662121646521552384
1662121646566553344
1662121646611554304
1662121646653555200
1662121646698556160
1662121646737556992
1662121646779557888
1662121646824558848
1662121646869559808
1662121646911560704
1662121646956561664
1662121646998562560
1662121647040563456
1662121647085564416
1662121647127565312
1662121647172566272
1662121647214567168
1662121647262568192
1662121647304569088
1662121647352570112
1662121647400571136
1662121647451572224
1662121647496573184
1662121647547574272
1662121647589575168
1662121647634576128
1662121647676577024
1662121647727578112
1662121647784579328
1662121647832580352
1662121647874581248
1662121647931582464
1662121647973583360
1662121648015584256
1662121648069585408
1662121648114586368
1662121648156587264
1662121648198588160
1662121648240589056
1662121648288590080
1662121648336591104
1662121648393592320
1662121648435593216
1662121648477594112
1662121648519595008
1662121648573596160
1662121648627597312
1662121648678598400
1662121648723599360
1662121648768600320
1662121648813601280
1662121648852602112
1662121648894603008
1662121648939603968
1662121648981604864
1662121649023605760
1662121649080606976
1662121649125607936
1662121649167608832
1662121649209609728
1662121649251610624
1662121649302611712
1662121649341612544
1662121649392613632
1662121649437614592
1662121649479615488
1662121649521616384
1662121649569617408
1662121649614618368
1662121649653619200
1662121649692620032
1662121649740621056
1662121649785622016
1662121649830622976
1662121649875623936
1662121649920624896
1662121649971625984
1662121650013626880
1662121650058627840
1662121650106628864
1662121650148629760
1662121650193630720
1662121650241631744
1662121650286632704
1662121650331633664
1662121650376634624
1662121650424635648
1662121650466636544
1662121650517637632
1662121650559638528
1662121650601639424
1662121650646640384
1662121650688641280
1662121650730642176
1662121650772643072
1662121650823644160
1662121650868645120
1662121650910646016
1662121650952646912
1662121651000647936
1662121651042648832
1662121651087649792
1662121651129650688
1662121651171651584
1662121651213652480
1662121651255653376
1662121651300654336
1662121651345655296
1662121651384656128
1662121651429657088
1662121651477658112
1662121651525659136
1662121651573660160
1662121651618661120
1662121651669662208
1662121651714663168
1662121651765664256
1662121651816665344
1662121651864666368
1662121651909667328
1662121651951668224
1662121652002669312
1662121652050670336
1662121652101671424
1662121652143672320
1662121652188673280
1662121652236674304
1662121652284675328
1662121652335676416
1662121652377677312
1662121652425678336
1662121652479679488
1662121652521680384
1662121652560681216
1662121652608682240
1662121652665683456
1662121652707684352
1662121652749685248
1662121652791686144
1662121652839687168
1662121652881688064
1662121652923688960
1662121652971689984
1662121653013690880
1662121653055691776
1662121653100692736
1662121653142693632
1662121653184694528
1662121653229695488
1662121653271696384
1662121653319697408
1662121653358698240
1662121653403699200
1662121653445700096
1662121653487700992
1662121653532701952
1662121653577702912
1662121653625703936
1662121653670704896
1662121653712705792
1662121653754706688
1662121653799707648
1662121653841708544
1662121653883709440
1662121653934710528
1662121653979711488
1662121654024712448
1662121654066713344
1662121654108714240
1662121654162715392
1662121654210716416
1662121654252717312
1662121654300718336
1662121654342719232
1662121654387720192
1662121654432721152
1662121654471721984
1662121654519723008
1662121654564723968
1662121654606724864
1662121654657725952
1662121654696726784
1662121654738727680
1662121654789728768
1662121654831729664
1662121654876730624
1662121654918731520
1662121654963732480
1662121655002733312
1662121655044734208
1662121655086735104
1662121655131736064
1662121655176737024
1662121655221737984
1662121655278739200
1662121655323740160
1662121655365741056
1662121655410742016
1662121655455742976
1662121655500743936
1662121655539744768
1662121655596745984
1662121655638746880
1662121655680747776
1662121655722748672
1662121655764749568
1662121655806750464
1662121655848751360
1662121655893752320
1662121655935753216
1662121655977754112
1662121656028755200
1662121656073756160
1662121656124757248
1662121656172758272
1662121656214759168
1662121656262760192
1662121656307761152
1662121656355762176
1662121656403763200
1662121656445764096
1662121656493765120
1662121656544766208
1662121656589767168
1662121656631768064
1662121656670768896
1662121656715769856
1662121656757770752
1662121656805771776
1662121656859772928
1662121656901773824
1662121656949774848
1662121656991775744
1662121657033776640
1662121657075777536
1662121657123778560
1662121657168779520
1662121657210780416
1662121657258781440
1662121657312782592
1662121657360783616
1662121657405784576
1662121657453785600
1662121657501786624
1662121657546787584
1662121657591788544
1662121657636789504
1662121657681790464
1662121657723791360
1662121657768792320
1662121657813793280
1662121657852794112
1662121657897795072
1662121657939795968
1662121657984796928
1662121658026797824
1662121658068798720
1662121658113799680
1662121658158800640
1662121658200801536
1662121658254802688
1662121658302803712
1662121658350804736
1662121658404805888
1662121658446806784
1662121658491807744
1662121658536808704
1662121658575809536
1662121658626810624
1662121658668811520
1662121658716812544
1662121658758813440
1662121658809814528
1662121658851815424
1662121658905816576
1662121658947817472
1662121658989818368
1662121659031819264
1662121659076820224
1662121659121821184
1662121659166822144
1662121659208823040
1662121659253824000
1662121659307825152
1662121659361826304
1662121659406827264
1662121659454828288
1662121659502829312
1662121659547830272
1662121659589831168
1662121659640832256
1662121659685833216
1662121659739834368
1662121659787835392
1662121659835836416
1662121659880837376
1662121659925838336
1662121659970839296
1662121660012840192
1662121660063841280
1662121660108842240
1662121660150843136
1662121660195844096
1662121660240845056
1662121660288846080
1662121660339847168
1662121660387848192
1662121660429849088
1662121660474850048
1662121660528851200
1662121660570852096
1662121660615853056
1662121660657853952
1662121660702854912
1662121660747855872
1662121660798856960
1662121660840857856
1662121660882858752
1662121660924859648
1662121660972860672
1662121661020861696
1662121661062862592
1662121661104863488
1662121661152864512
1662121661197865472
1662121661239866368
1662121661284867328
1662121661329868288
1662121661374869248
1662121661422870272
1662121661470871296
1662121661512872192
1662121661557873152
1662121661605874176
1662121661650875136
1662121661698876160
1662121661740877056
1662121661782877952
1662121661833879040
1662121661887880192
1662121661929881088
1662121661974882048
1662121662013882880
1662121662055883776
1662121662103884800
1662121662148885760
1662121662190886656
1662121662232887552
1662121662283888640
1662121662328889600
1662121662370890496
1662121662418891520
1662121662463892480
1662121662511893504
1662121662556894464
1662121662604895488
1662121662649896448
1662121662688897280
1662121662736898304
1662121662778899200
1662121662823900160
1662121662868901120
1662121662913902080
1662121662958903040
1662121663006904064
1662121663051905024
1662121663102906112
1662121663147907072
1662121663195908096
1662121663243909120
1662121663282909952
1662121663324910848
1662121663366911744
1662121663414912768
1662121663459913728
1662121663504914688
1662121663549915648
1662121663597916672
1662121663639917568
1662121663681918464
1662121663723919360
1662121663765920256
1662121663810921216
1662121663855922176
1662121663903923200
1662121663948924160
1662121663993925120
1662121664035926016
1662121664089927168
1662121664134928128
1662121664182929152
1662121664224930048
1662121664272931072
1662121664320932096
1662121664365933056
1662121664413934080
1662121664461935104
1662121664512936192
1662121664554937088
1662121664596937984
1662121664647939072
1662121664701940224
1662121664752941312
1662121664809942528
1662121664854943488
1662121664899944448
1662121664941945344
1662121664983946240
1662121665037947392
1662121665079948288
1662121665121949184
1662121665163950080
1662121665214951168
1662121665262952192
1662121665307953152
1662121665355954176
1662121665400955136
1662121665445956096
1662121665502957312
1662121665547958272
1662121665592959232
1662121665640960256
1662121665685961216
1662121665730962176
1662121665772963072
1662121665817964032
1662121665856964864
1662121665904965888
1662121665946966784
1662121665988967680
1662121666030968576
1662121666078969600
1662121666120970496
1662121666162971392
1662121666210972416
1662121666255973376
1662121666297974272
1662121666345975296
1662121666390976256
1662121666432977152
1662121666474978048
1662121666519979008
1662121666567980032
1662121666612980992
1662121666666982144
1662121666705982976
1662121666756984064
1662121666801985024
1662121666858986240
1662121666900987136
1662121666942988032
1662121666987988992
1662121667041990144
1662121667089991168
1662121667137992192
1662121667185993216
1662121667230994176
1662121667275995136
1662121667320996096
1662121667362996992
1662121667410998016
1662121667455998976
1662121667500999936
1662121667546000896
1662121667594001920
1662121667642002944
1662121667687003904
1662121667729004800
1662121667771005696
1662121667816006656
1662121667861007616
1662121667903008512
1662121667957009664
1662121667999010560
1662121668041011456
1662121668089012480
1662121668134013440
1662121668179014400
1662121668224015360
1662121668278016512
1662121668323017472
1662121668374018560
1662121668413019392
1662121668458020352
1662121668500021248
1662121668539022080
1662121668581022976
1662121668626023936
1662121668668024832
1662121668710025728
1662121668752026624
1662121668797027584
1662121668842028544
1662121668884029440
1662121668926030336
1662121668974031360
1662121669019032320
1662121669061033216
1662121669103034112
1662121669154035200
1662121669199036160
1662121669241037056
1662121669283037952
1662121669325038848
1662121669367039744
1662121669409040640
1662121669454041600
1662121669511042816
1662121669556043776
1662121669595044608
1662121669634045440
1662121669673046272
1662121669715047168
1662121669760048128
1662121669802049024
1662121669856050176
1662121669901051136
1662121669943052032
1662121669988052992
1662121670036054016
1662121670081054976
1662121670123055872
1662121670165056768
1662121670219057920
1662121670267058944
1662121670315059968
1662121670360060928
1662121670411062016
1662121670456062976
1662121670507064064
1662121670561065216
1662121670606066176
1662121670654067200
1662121670699068160
1662121670753069312
1662121670789070080
1662121670831070976
1662121670873071872
1662121670921072896
1662121670963073792
1662121671005074688
1662121671047075584
1662121671089076480
1662121671137077504
1662121671179078400
1662121671221079296
1662121671263080192
1662121671317081344
1662121671359082240
1662121671401083136
1662121671443084032
1662121671485084928
1662121671536086016
1662121671578086912
1662121671620087808
1662121671671088896
1662121671713089792
1662121671758090752
1662121671800091648
1662121671842092544
1662121671893093632
1662121671935094528
1662121671977095424
1662121672025096448
1662121672073097472
1662121672115098368
1662121672157099264
1662121672208100352
1662121672259101440
1662121672304102400
1662121672349103360
1662121672394104320
1662121672436105216
1662121672484106240
1662121672526107136
1662121672574108160
1662121672616109056
1662121672664110080
1662121672709111040
1662121672754112000
1662121672799112960
1662121672841113856
1662121672886114816
1662121672934115840
1662121672985116928
1662121673027117824
1662121673066118656
1662121673111119616
1662121673159120640
1662121673204121600
1662121673243122432
1662121673288123392
1662121673339124480
1662121673387125504
1662121673435126528
1662121673489127680
1662121673537128704
1662121673582129664
1662121673639130880
1662121673681131776
1662121673726132736
1662121673768133632
1662121673819134720
1662121673861135616
1662121673906136576
1662121673963137792
1662121674002138624
1662121674050139648
1662121674092140544
1662121674137141504
1662121674182142464
1662121674230143488
1662121674275144448
1662121674323145472
1662121674365146368
1662121674413147392
1662121674458148352
1662121674500149248
1662121674542150144
1662121674587151104
1662121674629152000
1662121674674152960
1662121674719153920
1662121674767154944
1662121674818156032
1662121674863156992
1662121674917158144
1662121674959159040
1662121675007160064
1662121675046160896
1662121675094161920
1662121675136162816
1662121675178163712
1662121675226164736
1662121675268165632
1662121675313166592
1662121675355167488
1662121675400168448
1662121675445169408
1662121675493170432
1662121675535171328
1662121675580172288
1662121675625173248
1662121675667174144
1662121675709175040
1662121675751175936
1662121675799176960
1662121675847177984
1662121675892178944
1662121675937179904
1662121675979180800
1662121676021181696
1662121676066182656
1662121676108183552
1662121676153184512
1662121676207185664
1662121676249186560
1662121676294187520
1662121676339188480
1662121676387189504
1662121676432190464
1662121676474191360
1662121676519192320
1662121676567193344
1662121676621194496
1662121676666195456
1662121676708196352
1662121676756197376
1662121676798198272
1662121676852199424
1662121676903200512
1662121676948201472
1662121676993202432
1662121677035203328
1662121677083204352
1662121677134205440
1662121677188206592
1662121677236207616
1662121677278208512
1662121677317209344
1662121677365210368
1662121677407211264
1662121677449212160
1662121677491213056
1662121677533213952
1662121677575214848
1662121677617215744
1662121677659216640
1662121677701217536
1662121677743218432
1662121677785219328
1662121677827220224
1662121677869221120
1662121677914222080
1662121677956222976
1662121678004224000
1662121678055225088
1662121678094225920
1662121678136226816
1662121678187227904
1662121678229228800
1662121678274229760
1662121678319230720
1662121678367231744
1662121678412232704
1662121678469233920
1662121678520235008
1662121678565235968
1662121678607236864
1662121678649237760
1662121678691238656
1662121678733239552
1662121678775240448
1662121678817241344
1662121678862242304
1662121678907243264
1662121678952244224
1662121679009245440
1662121679051246336
1662121679093247232
1662121679138248192
1662121679186249216
1662121679228250112
1662121679273251072
1662121679321252096
1662121679372253184
1662121679420254208
1662121679462255104
1662121679504256000
1662121679549256960
1662121679594257920
1662121679639258880
1662121679684259840
1662121679729260800
1662121679768261632
1662121679810262528
1662121679861263616
1662121679903264512
1662121679948265472
1662121679996266496
1662121680035267328
1662121680080268288
1662121680125269248
1662121680167270144
1662121680218271232
1662121680263272192
1662121680305273088
1662121680347273984
1662121680392274944
1662121680437275904
1662121680479276800
1662121680530277888
1662121680578278912
1662121680629280000
1662121680671280896
1662121680713281792
1662121680761282816
1662121680803283712
1662121680851284736
1662121680896285696
1662121680935286528
1662121680974287360
1662121681016288256
1662121681064289280
1662121681109290240
1662121681157291264
1662121681208292352
1662121681250293248
1662121681295294208
1662121681340295168
1662121681391296256
1662121681436297216
1662121681484298240
1662121681535299328
1662121681577300224
1662121681622301184
1662121681673302272
1662121681724303360
1662121681772304384
1662121681817305344
1662121681862306304
1662121681910307328
1662121681958308352
1662121682000309248
1662121682048310272
1662121682090311168
1662121682132312064
1662121682180313088
1662121682225314048
1662121682270315008
1662121682321316096
1662121682369317120
1662121682417318144
1662121682459319040
1662121682504320000
1662121682546320896
1662121682597321984
1662121682639322880
1662121682684323840
1662121682735324928
1662121682789326080
1662121682831326976
1662121682873327872
1662121682921328896
1662121682966329856
1662121683014330880
1662121683062331904
1662121683107332864
1662121683161334016
1662121683203334912
1662121683248335872
1662121683296336896
1662121683341337856
1662121683386338816
1662121683434339840
1662121683482340864
1662121683527341824
1662121683575342848
1662121683623343872
1662121683668344832
1662121683713345792
1662121683761346816
1662121683806347776
1662121683848348672
1662121683899349760
1662121683941350656
1662121683983351552
1662121684025352448
1662121684067353344
1662121684109354240
1662121684157355264
1662121684202356224
1662121684250357248
1662121684298358272
1662121684346359296
1662121684391360256
1662121684433361152
1662121684475362048
1662121684517362944
1662121684562363904
1662121684616365056
1662121684661366016
1662121684703366912
1662121684754368000
1662121684799368960
1662121684850370048
1662121684898371072
1662121684940371968
1662121684997373184
1662121685036374016
1662121685081374976
1662121685123375872
1662121685171376896
1662121685228378112
1662121685282379264
1662121685330380288
1662121685375381248
1662121685420382208
1662121685468383232
1662121685510384128
1662121685561385216
1662121685609386240
1662121685651387136
1662121685693388032
1662121685738388992
1662121685783389952
1662121685834391040
1662121685897392384
1662121685948393472
1662121685993394432
1662121686044395520
1662121686086396416
1662121686131397376
1662121686176398336
1662121686215399168
1662121686260400128
1662121686305401088
1662121686353402112
1662121686404403200
1662121686449404160
1662121686491405056
1662121686533405952
1662121686575406848
1662121686626407936
1662121686668408832
1662121686716409856
1662121686767410944
1662121686812411904
1662121686854412800
1662121686899413760
1662121686941414656
1662121686992415744
1662121687040416768
1662121687085417728
1662121687133418752
1662121687175419648
1662121687217420544
1662121687265421568
1662121687307422464
1662121687352423424
1662121687397424384
1662121687445425408
1662121687490426368
1662121687532427264
1662121687574428160
1662121687619429120
1662121687664430080
1662121687709431040
1662121687751431936
1662121687793432832
1662121687832433664
1662121687880434688
1662121687928435712
1662121687970436608
1662121688018437632
1662121688069438720
1662121688126439936
1662121688171440896
1662121688216441856
1662121688258442752
1662121688303443712
1662121688345444608
1662121688387445504
1662121688429446400
1662121688474447360
1662121688522448384
1662121688570449408
1662121688609450240
1662121688651451136
1662121688705452288
1662121688747453184
1662121688795454208
1662121688840455168
1662121688885456128
1662121688924456960
1662121688975458048
1662121689017458944
1662121689059459840
1662121689101460736
1662121689149461760
1662121689194462720
1662121689239463680
1662121689287464704
1662121689329465600
1662121689380466688
1662121689422467584
1662121689467468544
1662121689509469440
1662121689554470400
1662121689602471424
1662121689644472320
1662121689686473216
1662121689734474240
1662121689773475072
1662121689812475904
1662121689857476864
1662121689908477952
1662121689950478848
1662121689995479808
1662121690046480896
1662121690094481920
1662121690139482880
1662121690178483712
1662121690220484608
1662121690268485632
1662121690313486592
1662121690361487616
1662121690403488512
1662121690454489600
1662121690496490496
1662121690538491392
1662121690583492352
1662121690625493248
1662121690673494272
1662121690721495296
1662121690766496256
1662121690805497088
1662121690850498048
1662121690892498944
1662121690934499840
1662121690976500736
1662121691027501824
1662121691072502784
1662121691114503680
1662121691156504576
1662121691201505536
1662121691246506496
1662121691297507584
1662121691342508544
1662121691384509440
1662121691429510400
1662121691471511296
1662121691522512384
1662121691564513280
1662121691612514304
1662121691660515328
1662121691705516288
1662121691747517184
1662121691792518144
1662121691834519040
1662121691885520128
1662121691927521024
1662121691969521920
1662121692023523072
1662121692068524032
1662121692125525248
1662121692182526464
1662121692224527360
1662121692266528256
1662121692311529216
1662121692359530240
1662121692407531264
1662121692449532160
1662121692491533056
1662121692545534208
1662121692593535232
1662121692644536320
1662121692686537216
1662121692731538176
1662121692779539200
1662121692818540032
1662121692866541056
1662121692911542016
1662121692956542976
1662121692998543872
1662121693046544896
1662121693097545984
1662121693139546880
1662121693184547840
1662121693229548800
1662121693277549824
1662121693322550784
1662121693364551680
1662121693409552640
1662121693457553664
1662121693502554624
1662121693547555584
1662121693589556480
1662121693634557440
1662121693673558272
1662121693718559232
1662121693763560192
1662121693805561088
1662121693847561984
1662121693895563008
1662121693937563904
1662121693982564864
1662121694033565952
1662121694081566976
1662121694132568064
1662121694177569024
1662121694219569920
1662121694267570944
1662121694312571904
1662121694360572928
1662121694408573952
1662121694462575104
1662121694507576064
1662121694549576960
1662121694594577920
1662121694636578816
1662121694678579712
1662121694729580800
1662121694771581696
1662121694822582784
1662121694864583680
1662121694909584640
1662121694951585536
1662121695002586624
1662121695047587584
1662121695089588480
1662121695137589504
1662121695185590528
1662121695227591424
1662121695269592320
1662121695311593216
1662121695353594112
1662121695398595072
1662121695449596160
1662121695491597056
1662121695548598272
1662121695593599232
1662121695638600192
1662121695683601152
1662121695725602048
1662121695767602944
1662121695809603840
1662121695854604800
1662121695896605696
1662121695947606784
1662121695998607872
1662121696046608896
1662121696091609856
1662121696151611136
1662121696202612224
1662121696250613248
1662121696298614272
1662121696340615168
1662121696385616128
1662121696433617152
1662121696478618112
1662121696526619136
1662121696571620096
1662121696616621056
1662121696661622016
1662121696709623040
1662121696757624064
1662121696802625024
1662121696847625984
1662121696889626880
1662121696943628032
1662121696985628928
1662121697036630016
1662121697084631040
1662121697123631872
1662121697171632896
1662121697219633920
1662121697267634944
1662121697312635904
1662121697354636800
1662121697399637760
1662121697441638656
1662121697489639680
1662121697534640640
1662121697582641664
1662121697633642752
1662121697678643712
1662121697732644864
1662121697780645888
1662121697831646976
1662121697873647872
1662121697915648768
1662121697960649728
1662121698005650688
1662121698047651584
1662121698098652672
1662121698143653632
1662121698191654656
1662121698242655744
1662121698287656704
1662121698329657600
1662121698371658496
1662121698413659392
1662121698458660352
1662121698506661376
1662121698554662400
1662121698602663424
1662121698647664384
1662121698689665280
1662121698737666304
1662121698782667264
1662121698827668224
1662121698866669056
1662121698914670080
1662121698959671040
1662121699004672000
1662121699049672960
1662121699094673920
1662121699136674816
1662121699181675776
1662121699226676736
1662121699268677632
1662121699310678528
1662121699358679552
1662121699400680448
1662121699445681408
1662121699487682304
1662121699532683264
1662121699577684224
1662121699622685184
1662121699667686144
1662121699709687040
1662121699763688192
1662121699814689280
1662121699856690176
1662121699898691072
1662121699946692096
1662121700003693312
1662121700048694272
1662121700096695296
1662121700138696192
1662121700177697024
1662121700219697920
1662121700267698944
1662121700312699904
1662121700357700864
1662121700408701952
1662121700453702912
1662121700495703808
1662121700546704896
1662121700597705984
1662121700642706944
1662121700684707840
1662121700729708800
1662121700774709760
1662121700816710656
1662121700864711680
1662121700906712576
1662121700960713728
1662121701011714816
1662121701053715712
1662121701095716608
1662121701140717568
1662121701191718656
1662121701233719552
1662121701278720512
1662121701326721536
1662121701371722496
1662121701413723392
1662121701461724416
1662121701503725312
1662121701545726208
1662121701584727040
1662121701629728000
1662121701677729024
1662121701722729984
1662121701770731008
1662121701812731904
1662121701857732864
1662121701902733824
