1662125073430662912
1662125073472663808
1662125073511664640
1662125073553665536
1662125073598666496
1662125073643667456
1662125073688668416
1662125073733669376
1662125073781670400
1662125073823671296
1662125073865672192
1662125073907673088
1662125073952674048
1662125073997675008
1662125074042675968
1662125074087676928
1662125074132677888
1662125074174678784
1662125074216679680
1662125074258680576
1662125074303681536
1662125074345682432
1662125074387683328
1662125074429684224
1662125074474685184
1662125074519686144
1662125074564687104
1662125074606688000
1662125074651688960
1662125074696689920
1662125074741690880
1662125074789691904
1662125074831692800
1662125074879693824
1662125074918694656
1662125074960695552
1662125074999696384
1662125075044697344
1662125075086698240
1662125075131699200
1662125075176700160
1662125075224701184
1662125075269702144
1662125075308702976
1662125075347703808
1662125075389704704
1662125075440705792
1662125075482706688
1662125075524707584
1662125075569708544
1662125075617709568
1662125075659710464
1662125075701711360
1662125075746712320
1662125075788713216
1662125075830714112
1662125075872715008
1662125075917715968
1662125075956716800
1662125076001717760
1662125076046718720
1662125076091719680
1662125076139720704
1662125076181721600
1662125076223722496
1662125076265723392
1662125076307724288
1662125076358725376
1662125076400726272
1662125076445727232
1662125076490728192
1662125076538729216
1662125076580730112
1662125076625731072
1662125076670732032
1662125076712732928
1662125076754733824
1662125076796734720
1662125076847735808
1662125076889736704
1662125076934737664
1662125076976738560
1662125077024739584
1662125077072740608
1662125077114741504
1662125077156742400
1662125077195743232
1662125077237744128
1662125077279745024
1662125077327746048
1662125077366746880
1662125077411747840
1662125077453748736
1662125077498749696
1662125077540750592
1662125077582751488
1662125077627752448
1662125077669753344
1662125077711754240
1662125077753755136
1662125077795756032
1662125077837756928
1662125077879757824
1662125077924758784
1662125077969759744
1662125078011760640
1662125078056761600
1662125078098762496
1662125078143763456
1662125078188764416
1662125078227765248
1662125078272766208
1662125078314767104
1662125078359768064
1662125078401768960
1662125078446769920
1662125078494770944
1662125078539771904
1662125078587772928
1662125078635773952
1662125078677774848
1662125078725775872
1662125078767776768
1662125078809777664
1662125078848778496
1662125078896779520
1662125078938780416
1662125078986781440
1662125079025782272
1662125079070783232
1662125079112784128
1662125079157785088
1662125079199785984
1662125079244786944
1662125079289787904
1662125079331788800
1662125079373789696
1662125079412790528
1662125079457791488
1662125079502792448
1662125079541793280
1662125079589794304
1662125079625795072
1662125079676796160
1662125079715796992
1662125079760797952
1662125079802798848
1662125079847799808
1662125079892800768
1662125079934801664
1662125079976802560
1662125080024803584
1662125080066804480
1662125080114805504
1662125080162806528
1662125080204807424
1662125080246808320
1662125080291809280
1662125080336810240
1662125080381811200
1662125080423812096
1662125080468813056
1662125080510813952
1662125080552814848
1662125080597815808
1662125080639816704
1662125080684817664
1662125080729818624
1662125080771819520
1662125080819820544
1662125080861821440
1662125080900822272
1662125080948823296
1662125080990824192
1662125081032825088
1662125081080826112
1662125081122827008
1662125081164827904
1662125081206828800
1662125081248829696
1662125081296830720
1662125081338831616
1662125081380832512
1662125081425833472
1662125081467834368
1662125081515835392
1662125081557836288
1662125081605837312
1662125081653838336
1662125081698839296
1662125081743840256
1662125081788841216
1662125081833842176
1662125081872843008
1662125081923844096
1662125081965844992
1662125082010845952
1662125082055846912
1662125082097847808
1662125082136848640
1662125082178849536
1662125082217850368
1662125082256851200
1662125082298852096
1662125082346853120
1662125082388854016
1662125082433854976
1662125082475855872
1662125082520856832
1662125082565857792
1662125082610858752
1662125082652859648
1662125082697860608
1662125082742861568
1662125082781862400
1662125082820863232
1662125082859864064
1662125082901864960
1662125082943865856
1662125082982866688
1662125083024867584
1662125083066868480
1662125083111869440
1662125083159870464
1662125083207871488
1662125083249872384
1662125083294873344
1662125083336874240
1662125083378875136
1662125083420876032
1662125083462876928
1662125083510877952
1662125083555878912
1662125083597879808
1662125083639880704
1662125083684881664
1662125083726882560
1662125083774883584
1662125083813884416
1662125083855885312
1662125083900886272
1662125083942887168
1662125083984888064
1662125084026888960
1662125084068889856
1662125084113890816
1662125084155891712
1662125084200892672
1662125084242893568
1662125084284894464
1662125084326895360
1662125084371896320
1662125084416897280
1662125084464898304
1662125084509899264
1662125084557900288
1662125084605901312
1662125084653902336
1662125084695903232
1662125084737904128
1662125084776904960
1662125084818905856
1662125084857906688
1662125084899907584
1662125084944908544
1662125084989909504
1662125085031910400
1662125085076911360
1662125085127912448
1662125085169913344
1662125085214914304
1662125085259915264
1662125085301916160
1662125085346917120
1662125085388918016
1662125085439919104
1662125085481920000
1662125085523920896
1662125085565921792
1662125085604922624
1662125085649923584
1662125085694924544
1662125085739925504
1662125085781926400
1662125085826927360
1662125085868928256
1662125085913929216
1662125085955930112
1662125086000931072
1662125086045932032
1662125086087932928
1662125086126933760
1662125086168934656
1662125086210935552
1662125086249936384
1662125086291937280
1662125086333938176
1662125086378939136
1662125086423940096
1662125086468941056
1662125086519942144
1662125086558942976
1662125086603943936
1662125086648944896
1662125086693945856
1662125086744946944
1662125086783947776
1662125086825948672
1662125086870949632
1662125086909950464
1662125086951951360
1662125086993952256
1662125087038953216
1662125087083954176
1662125087125955072
1662125087170956032
1662125087215956992
1662125087257957888
1662125087299958784
1662125087341959680
1662125087386960640
1662125087428961536
1662125087473962496
1662125087515963392
1662125087557964288
1662125087599965184
1662125087644966144
1662125087686967040
1662125087731968000
1662125087773968896
1662125087812969728
1662125087857970688
1662125087896971520
1662125087938972416
1662125087977973248
1662125088016974080
1662125088061975040
1662125088100975872
1662125088151976960
1662125088196977920
1662125088241978880
1662125088283979776
1662125088334980864
1662125088376981760
1662125088418982656
1662125088466983680
1662125088511984640
1662125088553985536
1662125088601986560
1662125088643987456
1662125088685988352
1662125088727989248
1662125088766990080
1662125088811991040
1662125088856992000
1662125088898992896
1662125088943993856
1662125088982994688
1662125089018995456
1662125089063996416
1662125089108997376
1662125089150998272
1662125089189999104
1662125089232000000
1662125089277000960
1662125089322001920
1662125089373003008
1662125089415003904
1662125089457004800
1662125089499005696
1662125089550006784
1662125089598007808
1662125089640008704
1662125089682009600
1662125089727010560
1662125089772011520
1662125089814012416
1662125089856013312
1662125089898014208
1662125089946015232
1662125089991016192
1662125090033017088
1662125090075017984
1662125090123019008
1662125090165019904
1662125090204020736
1662125090243021568
1662125090282022400
1662125090327023360
1662125090366024192
1662125090402024960
1662125090447025920
1662125090489026816
1662125090528027648
1662125090573028608
1662125090618029568
1662125090660030464
1662125090705031424
1662125090747032320
1662125090789033216
1662125090834034176
1662125090879035136
1662125090930036224
1662125090975037184
1662125091020038144
1662125091065039104
1662125091110040064
1662125091155041024
1662125091197041920
1662125091239042816
1662125091284043776
1662125091326044672
1662125091368045568
1662125091419046656
1662125091461047552
1662125091506048512
1662125091548049408
1662125091593050368
1662125091635051264
1662125091677052160
1662125091719053056
1662125091761053952
1662125091806054912
1662125091845055744
1662125091887056640
1662125091929057536
1662125091977058560
1662125092022059520
1662125092067060480
1662125092106061312
1662125092148062208
1662125092193063168
1662125092235064064
1662125092277064960
1662125092319065856
1662125092361066752
1662125092406067712
1662125092451068672
1662125092496069632
1662125092535070464
1662125092580071424
1662125092622072320
1662125092667073280
1662125092709074176
1662125092751075072
1662125092796076032
1662125092838076928
1662125092883077888
1662125092925078784
1662125092967079680
1662125093012080640
1662125093054081536
1662125093102082560
1662125093141083392
1662125093183084288
1662125093219085056
1662125093261085952
1662125093303086848
1662125093348087808
1662125093393088768
1662125093435089664
1662125093477090560
1662125093522091520
1662125093564092416
1662125093606093312
1662125093648094208
1662125093690095104
1662125093732096000
1662125093771096832
1662125093816097792
1662125093858098688
1662125093900099584
1662125093942100480
1662125093981101312
1662125094023102208
1662125094065103104
1662125094110104064
1662125094152104960
1662125094194105856
1662125094239106816
1662125094284107776
1662125094329108736
1662125094377109760
1662125094422110720
1662125094467111680
1662125094506112512
1662125094548113408
1662125094590114304
1662125094638115328
1662125094680116224
1662125094722117120
1662125094770118144
1662125094815119104
1662125094860120064
1662125094908121088
1662125094950121984
1662125094995122944
1662125095040123904
1662125095085124864
1662125095127125760
1662125095169126656
1662125095214127616
1662125095253128448
1662125095298129408
1662125095340130304
1662125095382131200
1662125095424132096
1662125095475133184
1662125095517134080
1662125095568135168
1662125095613136128
1662125095649136896
1662125095685137664
1662125095727138560
1662125095772139520
1662125095817140480
1662125095856141312
1662125095901142272
1662125095940143104
1662125095985144064
1662125096024144896
1662125096069145856
1662125096114146816
1662125096159147776
1662125096201148672
1662125096246149632
1662125096291150592
1662125096336151552
1662125096381152512
1662125096423153408
1662125096465154304
1662125096510155264
1662125096555156224
1662125096600157184
1662125096648158208
1662125096693159168
1662125096732160000
1662125096780161024
1662125096819161856
1662125096870162944
1662125096909163776
1662125096951164672
1662125096993165568
1662125097035166464
1662125097080167424
1662125097125168384
1662125097170169344
1662125097212170240
1662125097251171072
1662125097296172032
1662125097338172928
1662125097383173888
1662125097428174848
1662125097467175680
1662125097512176640
1662125097554177536
1662125097596178432
1662125097638179328
1662125097680180224
1662125097722181120
1662125097764182016
1662125097806182912
1662125097848183808
1662125097899184896
1662125097944185856
1662125097992186880
1662125098034187776
1662125098076188672
1662125098118189568
1662125098160190464
1662125098205191424
1662125098247192320
1662125098289193216
1662125098328194048
1662125098373195008
1662125098415195904
1662125098457196800
1662125098502197760
1662125098544198656
1662125098586199552
1662125098637200640
1662125098682201600
1662125098724202496
1662125098772203520
1662125098814204416
1662125098850205184
1662125098892206080
1662125098937207040
1662125098985208064
1662125099027208960
1662125099072209920
1662125099114210816
1662125099153211648
1662125099195212544
1662125099240213504
1662125099282214400
1662125099330215424
1662125099378216448
1662125099423217408
1662125099468218368
1662125099510219264
1662125099555220224
1662125099600221184
1662125099645222144
1662125099687223040
1662125099732224000
1662125099774224896
1662125099816225792
1662125099861226752
1662125099906227712
1662125099951228672
1662125099996229632
1662125100041230592
1662125100083231488
1662125100122232320
1662125100161233152
1662125100209234176
1662125100251235072
1662125100296236032
1662125100338236928
1662125100383237888
1662125100428238848
1662125100470239744
1662125100515240704
1662125100551241472
1662125100596242432
1662125100635243264
1662125100680244224
1662125100722245120
1662125100764246016
1662125100806246912
1662125100845247744
1662125100890248704
1662125100932249600
1662125100977250560
1662125101016251392
1662125101061252352
1662125101103253248
1662125101145254144
1662125101187255040
1662125101229255936
1662125101271256832
1662125101316257792
1662125101364258816
1662125101412259840
1662125101457260800
1662125101499261696
1662125101541262592
1662125101580263424
1662125101625264384
1662125101673265408
1662125101715266304
1662125101760267264
1662125101802268160
1662125101844269056
1662125101892270080
1662125101934270976
1662125101979271936
1662125102027272960
1662125102072273920
1662125102114274816
1662125102162275840
1662125102204276736
1662125102240277504
1662125102279278336
1662125102318279168
1662125102363280128
1662125102405281024
1662125102441281792
1662125102480282624
1662125102522283520
1662125102567284480
1662125102612285440
1662125102654286336
1662125102696287232
1662125102735288064
1662125102777288960
1662125102828290048
1662125102870290944
1662125102918291968
1662125102963292928
1662125103008293888
1662125103050294784
1662125103092295680
1662125103137296640
1662125103179297536
1662125103221298432
1662125103269299456
1662125103308300288
1662125103356301312
1662125103401302272
1662125103446303232
1662125103485304064
1662125103524304896
1662125103563305728
1662125103602306560
1662125103644307456
1662125103686308352
1662125103728309248
1662125103770310144
1662125103812311040
1662125103854311936
1662125103896312832
1662125103938313728
1662125103980314624
1662125104022315520
1662125104064316416
1662125104109317376
1662125104151318272
1662125104196319232
1662125104241320192
1662125104286321152
1662125104328322048
1662125104370322944
1662125104412323840
1662125104457324800
1662125104496325632
1662125104541326592
1662125104592327680
1662125104637328640
1662125104682329600
1662125104724330496
1662125104769331456
1662125104814332416
1662125104859333376
1662125104901334272
1662125104952335360
1662125104994336256
1662125105036337152
1662125105078338048
1662125105126339072
1662125105168339968
1662125105210340864
1662125105252341760
1662125105294342656
1662125105336343552
1662125105381344512
1662125105423345408
1662125105468346368
1662125105510347264
1662125105552348160
1662125105603349248
1662125105648350208
1662125105690351104
1662125105729351936
1662125105774352896
1662125105819353856
1662125105861354752
1662125105906355712
1662125105957356800
1662125106002357760
1662125106044358656
1662125106089359616
1662125106137360640
1662125106176361472
1662125106218362368
1662125106260363264
1662125106305364224
1662125106350365184
1662125106395366144
1662125106440367104
1662125106485368064
1662125106527368960
1662125106566369792
1662125106611370752
1662125106656371712
1662125106701372672
1662125106743373568
1662125106791374592
1662125106833375488
1662125106878376448
1662125106917377280
1662125106959378176
1662125107004379136
1662125107046380032
1662125107085380864
1662125107133381888
1662125107172382720
1662125107208383488
1662125107253384448
1662125107298385408
1662125107346386432
1662125107388387328
1662125107430388224
1662125107472389120
1662125107514390016
1662125107553390848
1662125107595391744
1662125107637392640
1662125107679393536
1662125107718394368
1662125107760395264
1662125107802396160
1662125107850397184
1662125107895398144
1662125107937399040
1662125107982400000
1662125108027400960
1662125108069401856
1662125108111402752
1662125108156403712
1662125108198404608
1662125108240405504
1662125108285406464
1662125108333407488
1662125108378408448
1662125108423409408
1662125108468410368
1662125108507411200
1662125108549412096
1662125108588412928
1662125108633413888
1662125108672414720
1662125108723415808
1662125108765416704
1662125108804417536
1662125108849418496
1662125108888419328
1662125108933420288
1662125108978421248
1662125109017422080
1662125109059422976
1662125109101423872
1662125109140424704
1662125109185425664
1662125109227426560
1662125109269427456
1662125109314428416
1662125109359429376
1662125109395430144
1662125109437431040
1662125109479431936
1662125109521432832
1662125109560433664
1662125109602434560
1662125109641435392
1662125109689436416
1662125109731437312
1662125109776438272
1662125109821439232
1662125109860440064
1662125109902440960
1662125109944441856
1662125109989442816
1662125110028443648
1662125110073444608
1662125110121445632
1662125110160446464
1662125110202447360
1662125110244448256
1662125110286449152
1662125110331450112
1662125110370450944
1662125110412451840
1662125110457452800
1662125110499453696
1662125110544454656
1662125110589455616
1662125110631456512
1662125110673457408
1662125110715458304
1662125110760459264
1662125110808460288
1662125110850461184
1662125110889462016
1662125110937463040
1662125110988464128
1662125111030465024
1662125111078466048
1662125111120466944
1662125111162467840
1662125111201468672
1662125111243469568
1662125111288470528
1662125111330471424
1662125111375472384
1662125111414473216
1662125111459474176
1662125111501475072
1662125111543475968
1662125111585476864
1662125111627477760
1662125111672478720
1662125111714479616
1662125111759480576
1662125111801481472
1662125111843482368
1662125111888483328
1662125111930484224
1662125111972485120
1662125112017486080
1662125112062487040
1662125112107488000
1662125112155489024
1662125112197489920
1662125112236490752
1662125112278491648
1662125112323492608
1662125112368493568
1662125112410494464
1662125112452495360
1662125112500496384
1662125112539497216
1662125112581498112
1662125112623499008
1662125112665499904
1662125112704500736
1662125112755501824
1662125112794502656
1662125112836503552
1662125112881504512
1662125112929505536
1662125112977506560
1662125113019507456
1662125113064508416
1662125113106509312
1662125113151510272
1662125113196511232
1662125113238512128
1662125113283513088
1662125113322513920
1662125113367514880
1662125113415515904
1662125113454516736
1662125113496517632
1662125113538518528
1662125113583519488
1662125113628520448
1662125113670521344
1662125113718522368
1662125113763523328
1662125113811524352
1662125113853525248
1662125113895526144
1662125113940527104
1662125113982528000
1662125114021528832
1662125114060529664
1662125114099530496
1662125114141531392
1662125114183532288
1662125114222533120
1662125114267534080
1662125114312535040
1662125114357536000
1662125114399536896
1662125114441537792
1662125114483538688
1662125114531539712
1662125114582540800
1662125114624541696
1662125114666542592
1662125114708543488
1662125114750544384
1662125114792545280
1662125114834546176
1662125114876547072
1662125114924548096
1662125114969549056
1662125115020550144
1662125115065551104
1662125115104551936
1662125115146552832
1662125115188553728
1662125115233554688
1662125115278555648
1662125115323556608
1662125115368557568
1662125115410558464
1662125115455559424
1662125115497560320
1662125115542561280
1662125115581562112
1662125115620562944
1662125115662563840
1662125115701564672
1662125115746565632
1662125115788566528
1662125115833567488
1662125115878568448
1662125115923569408
1662125115965570304
1662125116007571200
1662125116049572096
1662125116094573056
1662125116130573824
1662125116175574784
1662125116220575744
1662125116268576768
1662125116310577664
1662125116349578496
1662125116391579392
1662125116436580352
1662125116481581312
1662125116526582272
1662125116571583232
1662125116607584000
1662125116649584896
1662125116691585792
1662125116736586752
1662125116781587712
1662125116823588608
1662125116862589440
1662125116904590336
1662125116943591168
1662125116982592000
1662125117027592960
1662125117072593920
1662125117117594880
1662125117156595712
1662125117201596672
1662125117237597440
1662125117276598272
1662125117321599232
1662125117363600128
1662125117405601024
1662125117447601920
1662125117492602880
1662125117537603840
1662125117579604736
1662125117618605568
1662125117663606528
1662125117705607424
1662125117744608256
1662125117789609216
1662125117828610048
1662125117870610944
1662125117918611968
1662125117963612928
1662125118005613824
1662125118047614720
1662125118089615616
1662125118131616512
1662125118173617408
1662125118215618304
1662125118260619264
1662125118299620096
1662125118341620992
1662125118386621952
1662125118425622784
1662125118470623744
1662125118509624576
1662125118554625536
1662125118599626496
1662125118641627392
1662125118683628288
1662125118725629184
1662125118767630080
1662125118809630976
1662125118854631936
1662125118896632832
1662125118941633792
1662125118980634624
1662125119022635520
1662125119070636544
1662125119115637504
1662125119154638336
1662125119196639232
1662125119238640128
1662125119277640960
1662125119322641920
1662125119370642944
1662125119415643904
1662125119460644864
1662125119505645824
1662125119547646720
1662125119580647424
1662125119625648384
1662125119670649344
1662125119712650240
1662125119754651136
1662125119802652160
1662125119844653056
1662125119886653952
1662125119928654848
1662125119970655744
1662125120012656640
1662125120057657600
1662125120102658560
1662125120150659584
1662125120195660544
1662125120240661504
1662125120282662400
1662125120324663296
1662125120369664256
1662125120417665280
1662125120459666176
1662125120507667200
1662125120555668224
1662125120597669120
1662125120639670016
1662125120681670912
1662125120723671808
1662125120765672704
1662125120804673536
1662125120846674432
1662125120885675264
1662125120927676160
1662125120969677056
1662125121011677952
1662125121053678848
1662125121095679744
1662125121137680640
1662125121185681664
1662125121230682624
1662125121269683456
1662125121311684352
1662125121353685248
1662125121398686208
1662125121437687040
1662125121488688128
1662125121530689024
1662125121575689984
1662125121617690880
1662125121662691840
1662125121704692736
1662125121749693696
1662125121791694592
1662125121833695488
1662125121875696384
1662125121920697344
1662125121962698240
1662125122007699200
1662125122049700096
1662125122091700992
1662125122133701888
1662125122175702784
1662125122217703680
1662125122259704576
1662125122301705472
1662125122340706304
1662125122385707264
1662125122430708224
1662125122469709056
1662125122511709952
1662125122556710912
1662125122601711872
1662125122643712768
1662125122685713664
1662125122736714752
1662125122778715648
1662125122820716544
1662125122868717568
1662125122910718464
1662125122952719360
1662125122991720192
1662125123033721088
1662125123075721984
1662125123120722944
1662125123162723840
1662125123201724672
1662125123243725568
1662125123285726464
1662125123324727296
1662125123366728192
1662125123408729088
1662125123453730048
1662125123501731072
1662125123543731968
1662125123585732864
1662125123627733760
1662125123669734656
1662125123717735680
1662125123762736640
1662125123804737536
1662125123852738560
1662125123891739392
1662125123936740352
1662125123975741184
1662125124020742144
1662125124059742976
1662125124104743936
1662125124146744832
1662125124194745856
1662125124239746816
1662125124281747712
1662125124329748736
1662125124368749568
1662125124410750464
1662125124452751360
1662125124494752256
1662125124536753152
1662125124578754048
1662125124620754944
1662125124665755904
1662125124707756800
1662125124746757632
1662125124791758592
1662125124833759488
1662125124869760256
1662125124911761152
1662125124956762112
1662125124998763008
1662125125040763904
1662125125085764864
1662125125127765760
1662125125172766720
1662125125214767616
1662125125262768640
1662125125304769536
1662125125346770432
1662125125385771264
1662125125427772160
1662125125472773120
1662125125514774016
1662125125559774976
1662125125601775872
1662125125652776960
1662125125700777984
1662125125742778880
1662125125790779904
1662125125841780992
1662125125883781888
1662125125925782784
1662125125976783872
1662125126021784832
1662125126066785792
1662125126111786752
1662125126153787648
1662125126192788480
1662125126231789312
1662125126279790336
1662125126321791232
1662125126366792192
1662125126408793088
1662125126447793920
1662125126495794944
1662125126537795840
1662125126582796800
1662125126627797760
1662125126669798656
1662125126714799616
1662125126753800448
1662125126798801408
1662125126831802112
1662125126873803008
1662125126915803904
1662125126957804800
1662125127002805760
1662125127041806592
1662125127089807616
1662125127131808512
1662125127170809344
1662125127212810240
1662125127254811136
1662125127293811968
1662125127335812864
1662125127377813760
1662125127419814656
1662125127464815616
1662125127503816448
1662125127545817344
1662125127584818176
1662125127629819136
1662125127677820160
1662125127719821056
1662125127761821952
1662125127800822784
1662125127842823680
1662125127881824512
1662125127926825472
1662125127968826368
1662125128007827200
1662125128046828032
1662125128088828928
1662125128130829824
1662125128175830784
1662125128217831680
1662125128259832576
1662125128304833536
1662125128340834304
1662125128382835200
1662125128424836096
1662125128463836928
1662125128508837888
1662125128562839040
1662125128610840064
1662125128652840960
1662125128697841920
1662125128739842816
1662125128781843712
1662125128829844736
1662125128871845632
1662125128919846656
1662125128958847488
1662125129003848448
1662125129045849344
1662125129087850240
1662125129126851072
1662125129174852096
1662125129219853056
1662125129264854016
1662125129306854912
1662125129345855744
1662125129390856704
1662125129435857664
1662125129480858624
1662125129522859520
1662125129567860480
1662125129609861376
1662125129651862272
1662125129696863232
1662125129738864128
1662125129783865088
1662125129825865984
1662125129867866880
1662125129912867840
1662125129951868672
1662125129993869568
1662125130038870528
1662125130083871488
1662125130128872448
1662125130167873280
1662125130206874112
1662125130248875008
1662125130296876032
1662125130338876928
1662125130380877824
1662125130422878720
1662125130464879616
1662125130506880512
1662125130548881408
1662125130593882368
1662125130638883328
1662125130680884224
1662125130728885248
1662125130767886080
1662125130809886976
1662125130854887936
1662125130899888896
1662125130941889792
1662125130983890688
1662125131025891584
1662125131064892416
1662125131109893376
1662125131154894336
1662125131196895232
1662125131238896128
1662125131283897088
1662125131325897984
1662125131367898880
1662125131415899904
1662125131457900800
1662125131496901632
1662125131541902592
1662125131583903488
1662125131625904384
1662125131670905344
1662125131712906240
1662125131760907264
1662125131805908224
1662125131847909120
1662125131892910080
1662125131943911168
1662125131988912128
1662125132027912960
1662125132066913792
1662125132108914688
1662125132153915648
1662125132198916608
1662125132243917568
1662125132288918528
1662125132330919424
1662125132372920320
1662125132417921280
1662125132459922176
1662125132504923136
1662125132549924096
1662125132594925056
1662125132636925952
1662125132675926784
1662125132720927744
1662125132759928576
1662125132804929536
1662125132849930496
1662125132891931392
1662125132933932288
1662125132975933184
1662125133020934144
1662125133065935104
1662125133107936000
1662125133149936896
1662125133191937792
1662125133236938752
1662125133278939648
1662125133323940608
1662125133365941504
1662125133410942464
1662125133452943360
1662125133494944256
1662125133536945152
1662125133578946048
1662125133626947072
1662125133668947968
1662125133710948864
1662125133752949760
1662125133791950592
1662125133833951488
1662125133878952448
1662125133920953344
1662125133962954240
1662125134010955264
1662125134055956224
1662125134100957184
1662125134148958208
1662125134187959040
1662125134229959936
1662125134271960832
1662125134313961728
1662125134358962688
1662125134403963648
1662125134445964544
1662125134490965504
1662125134532966400
1662125134577967360
1662125134625968384
1662125134670969344
1662125134715970304
1662125134757971200
1662125134799972096
1662125134847973120
1662125134892974080
1662125134937975040
1662125134973975808
1662125135018976768
1662125135057977600
1662125135102978560
1662125135144979456
1662125135192980480
1662125135237981440
1662125135279982336
1662125135330983424
1662125135378984448
1662125135420985344
1662125135465986304
1662125135510987264
1662125135549988096
1662125135594989056
1662125135639990016
1662125135681990912
1662125135726991872
1662125135768992768
1662125135807993600
1662125135855994624
1662125135903995648
1662125135945996544
1662125135987997440
1662125136029998336
1662125136071999232
1662125136120000256
1662125136165001216
1662125136204002048
1662125136243002880
1662125136285003776
1662125136330004736
1662125136372005632
1662125136414006528
1662125136456007424
1662125136501008384
1662125136540009216
1662125136585010176
1662125136627011072
1662125136663011840
1662125136705012736
1662125136750013696
1662125136792014592
1662125136834015488
1662125136876016384
1662125136921017344
1662125136960018176
1662125136999019008
1662125137041019904
1662125137083020800
1662125137122021632
1662125137164022528
1662125137209023488
1662125137251024384
1662125137290025216
1662125137329026048
1662125137371026944
1662125137416027904
1662125137464028928
1662125137509029888
1662125137551030784
1662125137593031680
1662125137635032576
1662125137677033472
1662125137719034368
1662125137770035456
1662125137809036288
1662125137851037184
1662125137890038016
1662125137932038912
1662125137977039872
1662125138016040704
1662125138058041600
1662125138100042496
1662125138142043392
1662125138181044224
1662125138223045120
1662125138268046080
1662125138313047040
1662125138358048000
1662125138406049024
1662125138457050112
1662125138499051008
1662125138547052032
1662125138589052928
1662125138634053888
1662125138676054784
1662125138721055744
1662125138763056640
1662125138811057664
1662125138853058560
1662125138895059456
1662125138937060352
1662125138979061248
1662125139021062144
1662125139063063040
1662125139102063872
1662125139144064768
1662125139192065792
1662125139237066752
1662125139279067648
1662125139318068480
1662125139366069504
1662125139408070400
1662125139450071296
1662125139492072192
1662125139534073088
1662125139585074176
1662125139630075136
1662125139675076096
1662125139720077056
1662125139762077952
1662125139801078784
1662125139843079680
1662125139882080512
1662125139924081408
1662125139963082240
1662125140005083136
1662125140047084032
1662125140089084928
1662125140128085760
1662125140173086720
1662125140218087680
1662125140263088640
1662125140305089536
1662125140347090432
1662125140386091264
1662125140428092160
1662125140470093056
1662125140518094080
1662125140560094976
1662125140602095872
1662125140644096768
1662125140689097728
1662125140731098624
1662125140779099648
1662125140830100736
1662125140872101632
1662125140914102528
1662125140959103488
1662125141001104384
1662125141040105216
1662125141082106112
1662125141124107008
1662125141166107904
1662125141211108864
1662125141253109760
1662125141298110720
1662125141343111680
1662125141382112512
1662125141424113408
1662125141466114304
1662125141511115264
1662125141553116160
1662125141595117056
1662125141640118016
1662125141682118912
1662125141724119808
1662125141769120768
1662125141817121792
1662125141859122688
1662125141904123648
1662125141949124608
1662125141994125568
1662125142036126464
1662125142075127296
1662125142117128192
1662125142159129088
1662125142207130112
1662125142252131072
1662125142294131968
1662125142336132864
1662125142375133696
1662125142420134656
1662125142465135616
1662125142507136512
1662125142555137536
1662125142600138496
1662125142642139392
1662125142681140224
1662125142723141120
1662125142765142016
1662125142807142912
1662125142849143808
1662125142891144704
1662125142936145664
1662125142978146560
1662125143026147584
1662125143071148544
1662125143113149440
1662125143158150400
1662125143197151232
1662125143242152192
1662125143290153216
1662125143332154112
1662125143377155072
1662125143419155968
1662125143473157120
1662125143515158016
1662125143560158976
1662125143602159872
1662125143641160704
1662125143686161664
1662125143725162496
1662125143773163520
1662125143818164480
1662125143860165376
1662125143911166464
1662125143953167360
1662125143992168192
1662125144037169152
1662125144085170176
1662125144127171072
1662125144172172032
1662125144220173056
1662125144268174080
1662125144316175104
1662125144355175936
1662125144397176832
1662125144442177792
1662125144484178688
1662125144526179584
1662125144568180480
1662125144610181376
1662125144655182336
1662125144703183360
1662125144748184320
1662125144793185280
1662125144835186176
1662125144883187200
1662125144925188096
1662125144970189056
1662125145021190144
1662125145072191232
1662125145114192128
1662125145156193024
1662125145198193920
1662125145240194816
1662125145285195776
1662125145333196800
1662125145381197824
1662125145426198784
1662125145471199744
1662125145513200640
1662125145564201728
1662125145600202496
1662125145639203328
1662125145684204288
1662125145726205184
1662125145762205952
1662125145807206912
1662125145849207808
1662125145897208832
1662125145939209728
1662125145981210624
1662125146029211648
1662125146074212608
1662125146119213568
1662125146161214464
1662125146203215360
1662125146245216256
1662125146290217216
1662125146335218176
1662125146380219136
1662125146422220032
1662125146464220928
1662125146506221824
1662125146545222656
1662125146596223744
1662125146638224640
1662125146680225536
1662125146722226432
1662125146764227328
1662125146809228288
1662125146851229184
1662125146893230080
1662125146938231040
1662125146977231872
1662125147019232768
1662125147061233664
1662125147106234624
1662125147151235584
1662125147193236480
1662125147235237376
1662125147280238336
1662125147325239296
1662125147370240256
1662125147415241216
1662125147457242112
1662125147499243008
1662125147541243904
1662125147583244800
1662125147628245760
1662125147673246720
1662125147715247616
1662125147757248512
1662125147796249344
1662125147841250304
1662125147883251200
1662125147931252224
1662125147973253120
1662125148012253952
1662125148057254912
1662125148099255808
1662125148138256640
1662125148186257664
1662125148228258560
1662125148270259456
1662125148312260352
1662125148354261248
1662125148399262208
1662125148441263104
1662125148483264000
1662125148528264960
1662125148567265792
1662125148618266880
1662125148657267712
1662125148702268672
1662125148744269568
1662125148786270464
1662125148834271488
1662125148879272448
1662125148927273472
1662125148975274496
1662125149020275456
1662125149062276352
1662125149104277248
1662125149146278144
1662125149197279232
1662125149242280192
1662125149284281088
1662125149329282048
1662125149377283072
1662125149419283968
1662125149458284800
1662125149494285568
1662125149530286336
1662125149572287232
1662125149617288192
1662125149659289088
1662125149698289920
1662125149743290880
1662125149788291840
1662125149830292736
1662125149875293696
1662125149920294656
1662125149962295552
1662125150007296512
1662125150049297408
1662125150091298304
1662125150133299200
1662125150184300288
1662125150229301248
1662125150271302144
1662125150313303040
1662125150358304000
1662125150400304896
1662125150445305856
1662125150484306688
1662125150526307584
1662125150577308672
1662125150622309632
1662125150667310592
1662125150709311488
1662125150754312448
1662125150796313344
1662125150841314304
1662125150883315200
1662125150928316160
1662125150973317120
1662125151015318016
1662125151054318848
1662125151093319680
1662125151135320576
1662125151174321408
1662125151213322240
1662125151258323200
1662125151300324096
1662125151345325056
1662125151393326080
1662125151435326976
1662125151477327872
1662125151522328832
1662125151561329664
1662125151606330624
1662125151651331584
1662125151696332544
1662125151738333440
1662125151780334336
1662125151825335296
1662125151870336256
1662125151912337152
1662125151960338176
1662125152002339072
1662125152044339968
1662125152086340864
1662125152131341824
1662125152173342720
1662125152215343616
1662125152254344448
1662125152296345344
1662125152344346368
1662125152389347328
1662125152428348160
1662125152473349120
1662125152518350080
1662125152563351040
1662125152611352064
1662125152653352960
1662125152698353920
1662125152743354880
1662125152782355712
1662125152824356608
1662125152869357568
1662125152914358528
1662125152956359424
1662125152992360192
1662125153031361024
1662125153067361792
1662125153109362688
1662125153154363648
1662125153199364608
1662125153241365504
1662125153283366400
1662125153325367296
1662125153367368192
1662125153412369152
1662125153454370048
1662125153490370816
1662125153535371776
1662125153580372736
1662125153622373632
1662125153664374528
1662125153706375424
1662125153748376320
1662125153790377216
1662125153835378176
1662125153874379008
1662125153916379904
1662125153958380800
1662125154000381696
1662125154045382656
1662125154093383680
1662125154135384576
1662125154180385536
1662125154228386560
1662125154270387456
1662125154312388352
1662125154354389248
1662125154402390272
1662125154447391232
1662125154492392192
1662125154534393088
1662125154576393984
1662125154618394880
1662125154660395776
1662125154699396608
1662125154741397504
1662125154783398400
1662125154831399424
1662125154873400320
1662125154915401216
1662125154957402112
1662125154996402944
1662125155038403840
1662125155080404736
1662125155119405568
1662125155167406592
1662125155206407424
1662125155245408256
1662125155287409152
1662125155332410112
1662125155377411072
1662125155419411968
1662125155464412928
1662125155503413760
1662125155548414720
1662125155593415680
1662125155632416512
1662125155671417344
1662125155713418240
1662125155755419136
1662125155797420032
1662125155842420992
1662125155887421952
1662125155929422848
1662125155971423744
1662125156013424640
1662125156052425472
1662125156094426368
1662125156136427264
1662125156181428224
1662125156223429120
1662125156265430016
1662125156316431104
1662125156355431936
1662125156397432832
1662125156436433664
1662125156481434624
1662125156523435520
1662125156568436480
1662125156610437376
1662125156652438272
1662125156697439232
1662125156739440128
1662125156778440960
1662125156823441920
1662125156865442816
1662125156916443904
1662125156958444800
1662125157003445760
1662125157051446784
1662125157093447680
1662125157138448640
1662125157183449600
1662125157228450560
1662125157276451584
1662125157321452544
1662125157366453504
1662125157414454528
1662125157456455424
1662125157498456320
1662125157540457216
1662125157582458112
1662125157627459072
1662125157672460032
1662125157714460928
1662125157759461888
1662125157804462848
1662125157846463744
1662125157891464704
1662125157933465600
1662125157978466560
1662125158026467584
1662125158074468608
1662125158116469504
1662125158158470400
1662125158200471296
1662125158242472192
1662125158284473088
1662125158326473984
1662125158368474880
1662125158407475712
1662125158449476608
1662125158491477504
1662125158536478464
1662125158578479360
1662125158626480384
1662125158671481344
1662125158713482240
1662125158755483136
1662125158800484096
1662125158842484992
1662125158890486016
1662125158935486976
1662125158980487936
1662125159025488896
1662125159067489792
1662125159109490688
1662125159151491584
1662125159193492480
1662125159235493376
1662125159277494272
1662125159319495168
1662125159361496064
1662125159406497024
1662125159448497920
1662125159490498816
1662125159535499776
1662125159583500800
1662125159625501696
1662125159667502592
1662125159706503424
1662125159742504192
1662125159781505024
1662125159823505920
1662125159865506816
1662125159913507840
1662125159961508864
1662125160003509760
1662125160045510656
1662125160090511616
1662125160138512640
1662125160180513536
1662125160222514432
1662125160261515264
1662125160303516160
1662125160348517120
1662125160387517952
1662125160432518912
1662125160474519808
1662125160519520768
1662125160558521600
1662125160597522432
1662125160645523456
1662125160687524352
1662125160729525248
1662125160771526144
1662125160813527040
1662125160855527936
1662125160900528896
1662125160942529792
1662125160990530816
1662125161038531840
1662125161080532736
1662125161128533760
1662125161176534784
1662125161218535680
1662125161266536704
1662125161314537728
1662125161359538688
1662125161401539584
1662125161443540480
1662125161491541504
1662125161533542400
1662125161578543360
1662125161620544256
1662125161662545152
1662125161701545984
1662125161749547008
1662125161791547904
1662125161833548800
1662125161875549696
1662125161923550720
1662125161971551744
1662125162013552640
1662125162055553536
1662125162100554496
1662125162145555456
1662125162187556352
1662125162229557248
1662125162271558144
1662125162319559168
1662125162355559936
1662125162397560832
1662125162442561792
1662125162484562688
1662125162532563712
1662125162574564608
1662125162616565504
1662125162661566464
1662125162703567360
1662125162748568320
1662125162793569280
1662125162832570112
1662125162877571072
1662125162919571968
1662125162961572864
1662125163006573824
1662125163048574720
1662125163093575680
1662125163138576640
1662125163183577600
