1662064490014331136
1662064490059332096
1662064490101332992
1662064490140333824
1662064490188334848
1662064490233335808
1662064490275336704
1662064490323337728
1662064490371338752
1662064490419339776
1662064490461340672
1662064490506341632
1662064490548342528
1662064490590343424
1662064490632344320
1662064490671345152
1662064490710345984
1662064490749346816
1662064490794347776
1662064490836348672
1662064490878349568
1662064490920350464
1662064490962351360
1662064491007352320
1662064491049353216
1662064491088354048
1662064491130354944
1662064491175355904
1662064491223356928
1662064491265357824
1662064491307358720
1662064491352359680
1662064491397360640
1662064491439361536
1662064491481362432
1662064491523363328
1662064491562364160
1662064491601364992
1662064491643365888
1662064491685366784
1662064491727367680
1662064491778368768
1662064491820369664
1662064491862370560
1662064491904371456
1662064491946372352
1662064491985373184
1662064492030374144
1662064492072375040
1662064492117376000
1662064492159376896
1662064492201377792
1662064492246378752
1662064492288379648
1662064492330380544
1662064492372381440
1662064492411382272
1662064492456383232
1662064492501384192
1662064492543385088
1662064492588386048
1662064492630386944
1662064492669387776
1662064492714388736
1662064492756389632
1662064492801390592
1662064492846391552
1662064492885392384
1662064492927393280
1662064492975394304
1662064493017395200
1662064493065396224
1662064493107397120
1662064493149398016
1662064493188398848
1662064493236399872
1662064493284400896
1662064493329401856
1662064493374402816
1662064493419403776
1662064493464404736
1662064493506405632
1662064493554406656
1662064493596407552
1662064493638408448
1662064493680409344
1662064493722410240
1662064493767411200
1662064493815412224
1662064493857413120
1662064493899414016
1662064493938414848
1662064493983415808
1662064494028416768
1662064494073417728
1662064494115418624
1662064494160419584
1662064494205420544
1662064494244421376
1662064494289422336
1662064494331423232
1662064494379424256
1662064494418425088
1662064494463426048
1662064494505426944
1662064494547427840
1662064494589428736
1662064494631429632
1662064494670430464
1662064494721431552
1662064494766432512
1662064494811433472
1662064494853434368
1662064494895435264
1662064494937436160
1662064494976436992
1662064495018437888
1662064495063438848
1662064495108439808
1662064495147440640
1662064495189441536
1662064495231442432
1662064495273443328
1662064495321444352
1662064495366445312
1662064495408446208
1662064495450447104
1662064495486447872
1662064495528448768
1662064495570449664
1662064495615450624
1662064495654451456
1662064495699452416
1662064495738453248
1662064495783454208
1662064495819454976
1662064495861455872
1662064495903456768
1662064495945457664
1662064495987458560
1662064496026459392
1662064496071460352
1662064496116461312
1662064496161462272
1662064496200463104
1662064496242464000
1662064496284464896
1662064496326465792
1662064496365466624
1662064496407467520
1662064496452468480
1662064496494469376
1662064496536470272
1662064496578471168
1662064496623472128
1662064496668473088
1662064496707473920
1662064496752474880
1662064496794475776
1662064496833476608
1662064496875477504
1662064496917478400
1662064496959479296
1662064497004480256
1662064497046481152
1662064497091482112
1662064497133483008
1662064497175483904
1662064497217484800
1662064497256485632
1662064497295486464
1662064497334487296
1662064497379488256
1662064497424489216
1662064497463490048
1662064497505490944
1662064497550491904
1662064497589492736
1662064497631493632
1662064497676494592
1662064497727495680
1662064497769496576
1662064497811497472
1662064497853498368
1662064497892499200
1662064497934500096
1662064497973500928
1662064498012501760
1662064498057502720
1662064498102503680
1662064498147504640
1662064498189505536
1662064498234506496
1662064498276507392
1662064498318508288
1662064498363509248
1662064498408510208
1662064498450511104
1662064498492512000
1662064498534512896
1662064498579513856
1662064498615514624
1662064498654515456
1662064498696516352
1662064498741517312
1662064498777518080
1662064498813518848
1662064498855519744
1662064498903520768
1662064498948521728
1662064498993522688
1662064499035523584
1662064499080524544
1662064499122525440
1662064499161526272
1662064499206527232
1662064499242528000
1662064499284528896
1662064499323529728
1662064499365530624
1662064499404531456
1662064499446532352
1662064499494533376
1662064499542534400
1662064499590535424
1662064499629536256
1662064499671537152
1662064499716538112
1662064499761539072
1662064499800539904
1662064499839540736
1662064499884541696
1662064499923542528
1662064499968543488
1662064500016544512
1662064500064545536
1662064500109546496
1662064500148547328
1662064500190548224
1662064500235549184
1662064500277550080
1662064500322551040
1662064500367552000
1662064500409552896
1662064500451553792
1662064500496554752
1662064500541555712
1662064500583556608
1662064500625557504
1662064500670558464
1662064500712559360
1662064500757560320
1662064500799561216
1662064500841562112
1662064500883563008
1662064500925563904
1662064500970564864
1662064501015565824
1662064501060566784
1662064501102567680
1662064501144568576
1662064501192569600
1662064501234570496
1662064501276571392
1662064501315572224
1662064501354573056
1662064501405574144
1662064501447575040
1662064501489575936
1662064501534576896
1662064501579577856
1662064501621578752
1662064501666579712
1662064501714580736
1662064501756581632
1662064501798582528
1662064501843583488
1662064501885584384
1662064501924585216
1662064501969586176
1662064502011587072
1662064502053587968
1662064502098588928
1662064502143589888
1662064502191590912
1662064502236591872
1662064502281592832
1662064502320593664
1662064502362594560
1662064502398595328
1662064502440596224
1662064502485597184
1662064502524598016
1662064502566598912
1662064502608599808
1662064502653600768
1662064502695601664
1662064502737602560
1662064502782603520
1662064502827604480
1662064502872605440
1662064502917606400
1662064502962607360
1662064503007608320
1662064503052609280
1662064503100610304
1662064503139611136
1662064503178611968
1662064503223612928
1662064503268613888
1662064503313614848
1662064503355615744
1662064503397616640
1662064503442617600
1662064503484618496
1662064503526619392
1662064503568620288
1662064503610621184
1662064503658622208
1662064503703623168
1662064503745624064
1662064503790625024
1662064503832625920
1662064503874626816
1662064503916627712
1662064503958628608
1662064504000629504
1662064504042630400
1662064504084631296
1662064504126632192
1662064504162632960
1662064504204633856
1662064504249634816
1662064504294635776
1662064504339636736
1662064504381637632
1662064504429638656
1662064504468639488
1662064504510640384
1662064504558641408
1662064504597642240
1662064504645643264
1662064504687644160
1662064504729645056
1662064504771645952
1662064504813646848
1662064504852647680
1662064504897648640
1662064504936649472
1662064504975650304
1662064505017651200
1662064505059652096
1662064505101652992
1662064505143653888
1662064505191654912
1662064505236655872
1662064505278656768
1662064505320657664
1662064505362658560
1662064505407659520
1662064505449660416
1662064505497661440
1662064505539662336
1662064505578663168
1662064505623664128
1662064505668665088
1662064505716666112
1662064505758667008
1662064505809668096
1662064505848668928
1662064505890669824
1662064505938670848
1662064505980671744
1662064506022672640
1662064506064673536
1662064506106674432
1662064506151675392
1662064506196676352
1662064506244677376
1662064506289678336
1662064506334679296
1662064506376680192
1662064506418681088
1662064506454681856
1662064506499682816
1662064506544683776
1662064506586684672
1662064506631685632
1662064506673686528
1662064506715687424
1662064506757688320
1662064506796689152
1662064506838690048
1662064506880690944
1662064506922691840
1662064506970692864
1662064507012693760
1662064507057694720
1662064507099695616
1662064507141696512
1662064507180697344
1662064507219698176
1662064507270699264
1662064507315700224
1662064507357701120
1662064507405702144
1662064507447703040
1662064507486703872
1662064507528704768
1662064507570705664
1662064507612706560
1662064507654707456
1662064507702708480
1662064507747709440
1662064507789710336
1662064507834711296
1662064507879712256
1662064507930713344
1662064507975714304
1662064508014715136
1662064508062716160
1662064508107717120
1662064508152718080
1662064508194718976
1662064508236719872
1662064508281720832
1662064508329721856
1662064508362722560
1662064508407723520
1662064508455724544
1662064508497725440
1662064508539726336
1662064508584727296
1662064508623728128
1662064508665729024
1662064508710729984
1662064508761731072
1662064508806732032
1662064508854733056
1662064508899734016
1662064508941734912
1662064508983735808
1662064509025736704
1662064509070737664
1662064509115738624
1662064509151739392
1662064509193740288
1662064509235741184
1662064509280742144
1662064509325743104
1662064509364743936
1662064509406744832
1662064509448745728
1662064509490746624
1662064509532747520
1662064509574748416
1662064509616749312
1662064509661750272
1662064509706751232
1662064509751752192
1662064509793753088
1662064509835753984
1662064509877754880
1662064509922755840
1662064509967756800
1662064510009757696
1662064510051758592
1662064510099759616
1662064510141760512
1662064510183761408
1662064510228762368
1662064510273763328
1662064510321764352
1662064510363765248
1662064510405766144
1662064510453767168
1662064510495768064
1662064510540769024
1662064510582769920
1662064510621770752
1662064510660771584
1662064510702772480
1662064510747773440
1662064510789774336
1662064510831775232
1662064510870776064
1662064510915777024
1662064510957777920
1662064510999778816
1662064511041779712
1662064511083780608
1662064511122781440
1662064511164782336
1662064511206783232
1662064511254784256
1662064511296785152
1662064511338786048
1662064511383787008
1662064511425787904
1662064511473788928
1662064511515789824
1662064511557790720
1662064511602791680
1662064511644792576
1662064511686793472
1662064511725794304
1662064511770795264
1662064511809796096
1662064511851796992
1662064511896797952
1662064511938798848
1662064511980799744
1662064512028800768
1662064512070801664
1662064512109802496
1662064512151803392
1662064512193804288
1662064512235805184
1662064512271805952
1662064512322807040
1662064512364807936
1662064512406808832
1662064512445809664
1662064512484810496
1662064512523811328
1662064512568812288
1662064512607813120
1662064512646813952
1662064512691814912
1662064512733815808
1662064512778816768
1662064512820817664
1662064512859818496
1662064512904819456
1662064512952820480
1662064512997821440
1662064513039822336
1662064513081823232
1662064513123824128
1662064513165825024
1662064513207825920
1662064513252826880
1662064513294827776
1662064513339828736
1662064513381829632
1662064513423830528
1662064513465831424
1662064513507832320
1662064513546833152
1662064513588834048
1662064513627834880
1662064513672835840
1662064513714836736
1662064513756837632
1662064513795838464
1662064513834839296
1662064513873840128
1662064513915841024
1662064513960841984
1662064514008843008
1662064514050843904
1662064514095844864
1662064514137845760
1662064514179846656
1662064514221847552
1662064514266848512
1662064514311849472
1662064514350850304
1662064514383851008
1662064514425851904
1662064514467852800
1662064514512853760
1662064514554854656
1662064514596855552
1662064514641856512
1662064514683857408
1662064514725858304
1662064514767859200
1662064514812860160
1662064514854861056
1662064514899862016
1662064514944862976
1662064514986863872
1662064515028864768
1662064515070865664
1662064515112866560
1662064515154867456
1662064515205868544
1662064515250869504
1662064515295870464
1662064515343871488
1662064515388872448
1662064515427873280
1662064515472874240
1662064515517875200
1662064515556876032
1662064515598876928
1662064515637877760
1662064515685878784
1662064515727879680
1662064515769880576
1662064515817881600
1662064515859882496
1662064515898883328
1662064515937884160
1662064515985885184
1662064516024886016
1662064516063886848
1662064516105887744
1662064516144888576
1662064516189889536
1662064516228890368
1662064516270891264
1662064516315892224
1662064516360893184
1662064516402894080
1662064516441894912
1662064516483895808
1662064516522896640
1662064516558897408
1662064516600898304
1662064516639899136
1662064516687900160
1662064516729901056
1662064516774902016
1662064516819902976
1662064516858903808
1662064516900904704
1662064516942905600
1662064516984906496
1662064517029907456
1662064517071908352
1662064517116909312
1662064517158910208
1662064517200911104
1662064517254912256
1662064517296913152
1662064517338914048
1662064517380914944
1662064517419915776
1662064517467916800
1662064517512917760
1662064517554918656
1662064517605919744
1662064517650920704
1662064517692921600
1662064517737922560
1662064517779923456
1662064517824924416
1662064517863925248
1662064517902926080
1662064517947927040
1662064517989927936
1662064518028928768
1662064518073929728
1662064518118930688
1662064518160931584
1662064518199932416
1662064518241933312
1662064518280934144
1662064518322935040
1662064518361935872
1662064518406936832
1662064518448937728
1662064518490938624
1662064518532939520
1662064518577940480
1662064518622941440
1662064518667942400
1662064518709943296
1662064518751944192
1662064518793945088
1662064518832945920
1662064518874946816
1662064518916947712
1662064518964948736
1662064519009949696
1662064519048950528
1662064519084951296
1662064519126952192
1662064519168953088
1662064519210953984
1662064519252954880
1662064519288955648
1662064519333956608
1662064519378957568
1662064519420958464
1662064519462959360
1662064519507960320
1662064519546961152
1662064519591962112
1662064519639963136
1662064519678963968
1662064519717964800
1662064519759965696
1662064519804966656
1662064519849967616
1662064519888968448
1662064519930969344
1662064519975970304
1662064520017971200
1662064520062972160
1662064520104973056
1662064520149974016
1662064520194974976
1662064520239975936
1662064520281976832
1662064520323977728
1662064520368978688
1662064520416979712
1662064520464980736
1662064520506981632
1662064520548982528
1662064520593983488
1662064520641984512
1662064520683985408
1662064520725986304
1662064520767987200
1662064520812988160
1662064520854989056
1662064520896989952
1662064520938990848
1662064520977991680
1662064521022992640
1662064521064993536
1662064521106994432
1662064521148995328
1662064521187996160
1662064521226996992
1662064521268997888
1662064521316998912
1662064521361999872
1662064521407000832
1662064521449001728
1662064521491002624
1662064521536003584
1662064521578004480
1662064521620005376
1662064521662006272
1662064521707007232
1662064521746008064
1662064521788008960
1662064521827009792
1662064521869010688
1662064521911011584
1662064521950012416
1662064521992013312
1662064522034014208
1662064522076015104
1662064522118016000
1662064522163016960
1662064522205017856
1662064522247018752
1662064522286019584
1662064522328020480
1662064522370021376
1662064522412022272
1662064522457023232
1662064522499024128
1662064522538024960
1662064522580025856
1662064522625026816
1662064522667027712
1662064522709028608
1662064522754029568
1662064522793030400
1662064522835031296
1662064522877032192
1662064522919033088
1662064522961033984
1662064523003034880
1662064523045035776
1662064523093036800
1662064523138037760
1662064523180038656
1662064523225039616
1662064523267040512
1662064523312041472
1662064523354042368
1662064523396043264
1662064523438044160
1662064523480045056
1662064523522045952
1662064523561046784
1662064523600047616
1662064523645048576
1662064523687049472
1662064523735050496
1662064523777051392
1662064523819052288
1662064523861053184
1662064523903054080
1662064523954055168
1662064523996056064
1662064524035056896
1662064524083057920
1662064524128058880
1662064524170059776
1662064524212060672
1662064524254061568
1662064524302062592
1662064524344063488
1662064524389064448
1662064524431065344
1662064524470066176
1662064524512067072
1662064524557068032
1662064524596068864
1662064524638069760
1662064524677070592
1662064524722071552
1662064524761072384
1662064524806073344
1662064524851074304
1662064524896075264
1662064524932076032
1662064524971076864
1662064525013077760
1662064525058078720
1662064525106079744
1662064525151080704
1662064525196081664
1662064525238082560
1662064525280083456
1662064525328084480
1662064525367085312
1662064525412086272
1662064525454087168
1662064525499088128
1662064525544089088
1662064525586089984
1662064525628090880
1662064525664091648
1662064525712092672
1662064525754093568
1662064525802094592
1662064525847095552
1662064525889096448
1662064525931097344
1662064525982098432
1662064526024099328
1662064526066100224
1662064526105101056
1662064526147101952
1662064526189102848
1662064526231103744
1662064526276104704
1662064526324105728
1662064526366106624
1662064526405107456
1662064526450108416
1662064526492109312
1662064526534110208
1662064526579111168
1662064526624112128
1662064526666113024
1662064526708113920
1662064526753114880
1662064526798115840
1662064526840116736
1662064526885117696
1662064526927118592
1662064526969119488
1662064527020120576
1662064527062121472
1662064527104122368
1662064527149123328
1662064527185124096
1662064527227124992
1662064527269125888
1662064527311126784
1662064527353127680
1662064527389128448
1662064527431129344
1662064527470130176
1662064527512131072
1662064527557132032
1662064527602132992
1662064527644133888
1662064527692134912
1662064527731135744
1662064527776136704
1662064527815137536
1662064527863138560
1662064527905139456
1662064527950140416
1662064527992141312
1662064528037142272
1662064528079143168
1662064528124144128
1662064528172145152
1662064528214146048
1662064528262147072
1662064528304147968
1662064528349148928
1662064528391149824
1662064528430150656
1662064528472151552
1662064528514152448
1662064528556153344
1662064528592154112
1662064528628154880
1662064528667155712
1662064528712156672
1662064528754157568
1662064528796158464
1662064528838159360
1662064528883160320
1662064528922161152
1662064528964162048
1662064529009163008
1662064529048163840
1662064529093164800
1662064529138165760
1662064529183166720
1662064529225167616
1662064529267168512
1662064529309169408
1662064529354170368
1662064529396171264
1662064529438172160
1662064529480173056
1662064529525174016
1662064529564174848
1662064529609175808
1662064529654176768
1662064529693177600
1662064529738178560
1662064529780179456
1662064529822180352
1662064529867181312
1662064529915182336
1662064529957183232
1662064530002184192
1662064530047185152
1662064530092186112
1662064530134187008
1662064530182188032
1662064530227188992
1662064530269189888
1662064530308190720
1662064530350191616
1662064530395192576
1662064530437193472
1662064530482194432
1662064530521195264
1662064530566196224
1662064530611197184
1662064530653198080
1662064530695198976
1662064530740199936
1662064530788200960
1662064530833201920
1662064530872202752
1662064530920203776
1662064530962204672
1662064531007205632
1662064531049206528
1662064531097207552
1662064531142208512
1662064531184209408
1662064531223210240
1662064531265211136
1662064531310212096
1662064531352212992
1662064531394213888
1662064531436214784
1662064531478215680
1662064531517216512
1662064531556217344
1662064531601218304
1662064531646219264
1662064531685220096
1662064531727220992
1662064531769221888
1662064531808222720
1662064531847223552
1662064531892224512
1662064531934225408
1662064531982226432
1662064532027227392
1662064532069228288
1662064532111229184
1662064532159230208
1662064532201231104
1662064532246232064
1662064532291233024
1662064532330233856
1662064532372234752
1662064532417235712
1662064532462236672
1662064532504237568
1662064532543238400
1662064532585239296
1662064532627240192
1662064532672241152
1662064532714242048
1662064532756242944
1662064532795243776
1662064532837244672
1662064532882245632
1662064532927246592
1662064532966247424
1662064533008248320
1662064533047249152
1662064533089250048
1662064533131250944
1662064533173251840
1662064533215252736
1662064533257253632
1662064533302254592
1662064533344255488
1662064533386256384
1662064533428257280
1662064533470258176
1662064533512259072
1662064533551259904
1662064533593260800
1662064533638261760
1662064533680262656
1662064533722263552
1662064533767264512
1662064533809265408
1662064533851266304
1662064533893267200
1662064533935268096
1662064533977268992
1662064534022269952
1662064534067270912
1662064534109271808
1662064534154272768
1662064534193273600
1662064534238274560
1662064534280275456
1662064534322276352
1662064534367277312
1662064534409278208
1662064534451279104
1662064534499280128
1662064534544281088
1662064534589282048
1662064534634283008
1662064534673283840
1662064534712284672
1662064534754285568
1662064534799286528
1662064534844287488
1662064534892288512
1662064534937289472
1662064534979290368
1662064535021291264
1662064535060292096
1662064535105293056
1662064535156294144
1662064535201295104
1662064535249296128
1662064535291297024
1662064535336297984
1662064535375298816
1662064535417299712
1662064535459300608
1662064535501301504
1662064535543302400
1662064535585303296
1662064535627304192
1662064535669305088
1662064535714306048
1662064535753306880
1662064535795307776
1662064535837308672
1662064535879309568
1662064535921310464
1662064535969311488
1662064536014312448
1662064536056313344
1662064536104314368
1662064536143315200
1662064536185316096
1662064536230317056
1662064536275318016
1662064536323319040
1662064536365319936
1662064536410320896
1662064536452321792
1662064536497322752
1662064536545323776
1662064536593324800
1662064536635325696
1662064536677326592
1662064536719327488
1662064536761328384
1662064536806329344
1662064536854330368
1662064536905331456
1662064536950332416
1662064536992333312
1662064537034334208
1662064537079335168
1662064537124336128
1662064537163336960
1662064537202337792
1662064537244338688
1662064537289339648
1662064537331340544
1662064537376341504
1662064537421342464
1662064537463343360
1662064537505344256
1662064537553345280
1662064537595346176
1662064537640347136
1662064537688348160
1662064537733349120
1662064537775350016
1662064537817350912
1662064537856351744
1662064537898352640
1662064537940353536
1662064537988354560
1662064538033355520
1662064538078356480
1662064538123357440
1662064538171358464
1662064538213359360
1662064538258360320
1662064538297361152
1662064538339362048
1662064538384363008
1662064538429363968
1662064538471364864
1662064538513365760
1662064538555366656
1662064538597367552
1662064538639368448
1662064538684369408
1662064538726370304
1662064538771371264
1662064538810372096
1662064538852372992
1662064538891373824
1662064538939374848
1662064538984375808
1662064539026376704
1662064539071377664
1662064539113378560
1662064539158379520
1662064539200380416
1662064539242381312
1662064539281382144
1662064539326383104
1662064539368384000
1662064539410384896
1662064539455385856
1662064539497386752
1662064539539387648
1662064539581388544
1662064539629389568
1662064539671390464
1662064539719391488
1662064539764392448
1662064539803393280
1662064539845394176
1662064539896395264
1662064539938396160
1662064539977396992
1662064540022397952
1662064540061398784
1662064540103399680
1662064540151400704
1662064540187401472
1662064540226402304
1662064540271403264
1662064540319404288
1662064540361405184
1662064540403406080
1662064540445406976
1662064540481407744
1662064540523408640
1662064540562409472
1662064540607410432
1662064540649411328
1662064540694412288
1662064540736413184
1662064540781414144
1662064540826415104
1662064540868416000
1662064540910416896
1662064540949417728
1662064540994418688
1662064541039419648
1662064541078420480
1662064541117421312
1662064541159422208
1662064541198423040
1662064541240423936
1662064541282424832
1662064541324425728
1662064541366426624
1662064541405427456
1662064541444428288
1662064541489429248
1662064541534430208
1662064541576431104
1662064541621432064
1662064541666433024
1662064541705433856
1662064541744434688
1662064541789435648
1662064541828436480
1662064541870437376
1662064541915438336
1662064541957439232
1662064541999440128
1662064542044441088
1662064542086441984
1662064542131442944
1662064542173443840
1662064542215444736
1662064542263445760
1662064542308446720
1662064542350447616
1662064542395448576
1662064542440449536
1662064542482450432
1662064542524451328
1662064542569452288
1662064542614453248
1662064542659454208
1662064542701455104
1662064542743456000
1662064542782456832
1662064542827457792
1662064542875458816
1662064542920459776
1662064542959460608
1662064543004461568
1662064543049462528
1662064543091463424
1662064543139464448
1662064543184465408
1662064543235466496
1662064543280467456
1662064543325468416
1662064543367469312
1662064543412470272
1662064543454471168
1662064543496472064
1662064543541473024
1662064543580473856
1662064543625474816
1662064543667475712
1662064543706476544
1662064543742477312
1662064543784478208
1662064543823479040
1662064543877480192
1662064543928481280
1662064543973482240
1662064544018483200
1662064544057484032
1662064544099484928
1662064544144485888
1662064544186486784
1662064544228487680
1662064544267488512
1662064544309489408
1662064544354490368
1662064544396491264
1662064544438492160
1662064544477492992
1662064544519493888
1662064544564494848
1662064544609495808
1662064544651496704
1662064544693497600
1662064544735498496
1662064544777499392
1662064544819500288
1662064544864501248
1662064544909502208
1662064544954503168
1662064544993504000
1662064545035504896
1662064545080505856
1662064545122506752
1662064545164507648
1662064545209508608
1662064545257509632
1662064545299510528
1662064545344511488
1662064545389512448
1662064545431513344
1662064545476514304
1662064545518515200
1662064545563516160
1662064545617517312
1662064545659518208
1662064545707519232
1662064545749520128
1662064545794521088
1662064545836521984
1662064545881522944
1662064545926523904
1662064545971524864
1662064546016525824
1662064546061526784
1662064546106527744
1662064546148528640
1662064546193529600
1662064546232530432
1662064546274531328
1662064546316532224
1662064546361533184
1662064546406534144
1662064546445534976
1662064546484535808
1662064546529536768
1662064546574537728
1662064546619538688
1662064546658539520
1662064546700540416
1662064546739541248
1662064546784542208
1662064546826543104
1662064546871544064
1662064546913544960
1662064546955545856
1662064546997546752
1662064547042547712
1662064547087548672
1662064547132549632
1662064547177550592
1662064547219551488
1662064547264552448
1662064547306553344
1662064547348554240
1662064547390555136
1662064547432556032
1662064547474556928
1662064547522557952
1662064547564558848
1662064547606559744
1662064547651560704
1662064547699561728
1662064547738562560
1662064547780563456
1662064547816564224
1662064547855565056
1662064547900566016
1662064547942566912
1662064547987567872
1662064548029568768
1662064548074569728
1662064548116570624
1662064548158571520
1662064548197572352
1662064548242573312
1662064548284574208
1662064548329575168
1662064548368576000
1662064548407576832
1662064548452577792
1662064548500578816
1662064548545579776
1662064548590580736
1662064548629581568
1662064548671582464
1662064548713583360
1662064548758584320
1662064548803585280
1662064548845586176
1662064548884587008
1662064548929587968
1662064548974588928
1662064549016589824
1662064549061590784
1662064549100591616
1662064549148592640
1662064549199593728
1662064549241594624
1662064549286595584
1662064549328596480
1662064549373597440
1662064549418598400
1662064549463599360
1662064549505600256
1662064549550601216
1662064549592602112
1662064549634603008
1662064549676603904
1662064549724604928
1662064549766605824
1662064549805606656
1662064549847607552
1662064549886608384
1662064549931609344
1662064549976610304
1662064550021611264
1662064550063612160
1662064550108613120
1662064550147613952
1662064550189614848
1662064550231615744
1662064550276616704
1662064550318617600
1662064550357618432
1662064550399619328
1662064550444620288
1662064550486621184
1662064550528622080
1662064550567622912
1662064550609623808
1662064550657624832
1662064550702625792
1662064550744626688
1662064550786627584
1662064550822628352
1662064550861629184
1662064550906630144
1662064550951631104
1662064550987631872
1662064551029632768
1662064551071633664
1662064551116634624
1662064551158635520
1662064551200636416
1662064551239637248
1662064551281638144
1662064551323639040
1662064551365639936
1662064551404640768
1662064551449641728
1662064551494642688
1662064551539643648
1662064551581644544
1662064551623645440
1662064551662646272
1662064551707647232
1662064551749648128
1662064551794649088
1662064551839650048
1662064551881650944
1662064551926651904
1662064551971652864
1662064552010653696
1662064552049654528
1662064552088655360
1662064552133656320
1662064552178657280
1662064552220658176
1662064552262659072
1662064552310660096
1662064552352660992
1662064552394661888
1662064552436662784
1662064552478663680
1662064552532664832
1662064552577665792
1662064552619666688
1662064552661667584
1662064552709668608
1662064552757669632
1662064552802670592
1662064552844671488
1662064552886672384
1662064552928673280
1662064552970674176
1662064553018675200
1662064553060676096
1662064553093676800
1662064553141677824
1662064553180678656
1662064553228679680
1662064553273680640
1662064553315681536
1662064553354682368
1662064553396683264
1662064553438684160
1662064553480685056
1662064553525686016
1662064553567686912
1662064553612687872
1662064553654688768
1662064553699689728
1662064553741690624
1662064553780691456
1662064553822692352
1662064553864693248
1662064553906694144
1662064553948695040
1662064553990695936
1662064554035696896
1662064554074697728
1662064554116698624
1662064554155699456
1662064554200700416
1662064554245701376
1662064554287702272
1662064554332703232
1662064554371704064
1662064554413704960
1662064554452705792
1662064554494706688
1662064554536707584
1662064554578708480
1662064554620709376
1662064554665710336
1662064554707711232
1662064554752712192
1662064554797713152
1662064554836713984
1662064554878714880
1662064554920715776
1662064554962716672
1662064555007717632
1662064555049718528
1662064555088719360
1662064555130720256
1662064555172721152
1662064555214722048
1662064555256722944
1662064555301723904
1662064555346724864
1662064555391725824
1662064555433726720
1662064555475727616
1662064555514728448
1662064555571729664
1662064555613730560
1662064555655731456
1662064555703732480
1662064555748733440
1662064555790734336
1662064555832735232
1662064555874736128
1662064555919737088
1662064555961737984
1662064556006738944
1662064556048739840
1662064556093740800
1662064556132741632
1662064556174742528
1662064556219743488
1662064556264744448
1662064556309745408
1662064556357746432
1662064556405747456
1662064556450748416
1662064556489749248
1662064556534750208
1662064556582751232
1662064556627752192
1662064556669753088
1662064556711753984
1662064556756754944
1662064556798755840
1662064556843756800
1662064556885757696
1662064556933758720
1662064556969759488
1662064557008760320
1662064557047761152
1662064557089762048
1662064557131762944
1662064557173763840
1662064557212764672
1662064557260765696
1662064557305766656
1662064557347767552
1662064557383768320
1662064557422769152
1662064557467770112
1662064557515771136
1662064557557772032
1662064557599772928
1662064557638773760
1662064557683774720
1662064557728775680
1662064557773776640
1662064557818777600
1662064557860778496
1662064557902779392
1662064557941780224
1662064557983781120
1662064558028782080
1662064558067782912
1662064558109783808
1662064558148784640
1662064558190785536
1662064558232786432
1662064558277787392
1662064558322788352
1662064558364789248
1662064558409790208
1662064558457791232
1662064558499792128
1662064558538792960
1662064558583793920
1662064558631794944
1662064558673795840
1662064558715796736
1662064558757797632
1662064558799798528
1662064558847799552
1662064558886800384
1662064558928801280
1662064558973802240
1662064559018803200
1662064559063804160
1662064559108805120
1662064559147805952
1662064559189806848
1662064559234807808
1662064559276808704
1662064559312809472
1662064559354810368
1662064559399811328
1662064559441812224
1662064559489813248
1662064559534814208
1662064559576815104
1662064559618816000
1662064559663816960
1662064559705817856
1662064559744818688
1662064559786819584
1662064559828820480
1662064559867821312
1662064559915822336
1662064559957823232
1662064559999824128
1662064560044825088
1662064560089826048
1662064560134827008
1662064560176827904
1662064560218828800
1662064560260829696
1662064560299830528
1662064560338831360
1662064560377832192
1662064560416833024
1662064560458833920
1662064560503834880
1662064560545835776
1662064560587836672
1662064560632837632
1662064560671838464
1662064560716839424
1662064560761840384
1662064560803841280
1662064560848842240
1662064560893843200
1662064560932844032
1662064560968844800
1662064561010845696
1662064561055846656
1662064561094847488
1662064561136848384
1662064561184849408
1662064561220850176
1662064561265851136
1662064561310852096
1662064561352852992
1662064561397853952
1662064561436854784
1662064561478855680
1662064561523856640
1662064561568857600
1662064561607858432
1662064561652859392
1662064561691860224
1662064561733861120
1662064561775862016
1662064561817862912
1662064561859863808
1662064561901864704
1662064561943865600
1662064561988866560
1662064562033867520
1662064562075868416
1662064562120869376
1662064562162870272
1662064562201871104
1662064562243872000
1662064562285872896
1662064562327873792
1662064562372874752
1662064562417875712
1662064562462876672
1662064562510877696
1662064562552878592
1662064562594879488
1662064562636880384
1662064562681881344
1662064562726882304
1662064562768883200
1662064562816884224
1662064562861885184
1662064562903886080
1662064562948887040
1662064562996888064
1662064563038888960
1662064563080889856
1662064563122890752
1662064563164891648
1662064563209892608
1662064563248893440
1662064563290894336
1662064563332895232
1662064563374896128
1662064563416897024
1662064563461897984
1662064563503898880
1662064563545899776
1662064563590900736
1662064563632901632
1662064563674902528
1662064563719903488
1662064563767904512
1662064563806905344
1662064563848906240
1662064563887907072
1662064563929907968
1662064563971908864
1662064564010909696
1662064564052910592
1662064564097911552
1662064564139912448
1662064564184913408
1662064564226914304
1662064564271915264
1662064564313916160
1662064564352916992
1662064564397917952
1662064564439918848
1662064564484919808
1662064564529920768
1662064564571921664
1662064564616922624
1662064564658923520
1662064564703924480
1662064564745925376
1662064564790926336
1662064564832927232
1662064564871928064
1662064564913928960
1662064564958929920
1662064565000930816
1662064565039931648
1662064565081932544
1662064565126933504
1662064565171934464
1662064565210935296
1662064565255936256
1662064565297937152
1662064565339938048
1662064565381938944
1662064565426939904
1662064565468940800
1662064565510941696
1662064565552942592
1662064565594943488
1662064565639944448
1662064565681945344
1662064565723946240
1662064565768947200
1662064565807948032
1662064565849948928
1662064565891949824
1662064565933950720
1662064565978951680
1662064566020952576
1662064566062953472
1662064566104954368
1662064566143955200
1662064566188956160
1662064566230957056
1662064566263957760
1662064566308958720
1662064566353959680
1662064566398960640
1662064566440961536
1662064566482962432
1662064566527963392
1662064566569964288
1662064566617965312
1662064566659966208
1662064566701967104
1662064566743968000
1662064566785968896
1662064566827969792
1662064566872970752
1662064566914971648
1662064566959972608
1662064567004973568
1662064567046974464
1662064567088975360
1662064567133976320
1662064567172977152
1662064567214978048
1662064567259979008
1662064567298979840
1662064567343980800
1662064567388981760
1662064567430982656
1662064567472983552
1662064567511984384
1662064567556985344
1662064567592986112
1662064567634987008
1662064567682988032
1662064567721988864
1662064567757989632
1662064567799990528
1662064567838991360
1662064567880992256
1662064567925993216
1662064567964994048
1662064568006994944
1662064568051995904
1662064568090996736
1662064568132997632
1662064568177998592
1662064568222999552
1662064568256000256
1662064568301001216
1662064568343002112
1662064568385003008
1662064568424003840
1662064568466004736
1662064568511005696
1662064568553006592
1662064568598007552
1662064568640008448
1662064568685009408
1662064568724010240
1662064568766011136
1662064568811012096
1662064568853012992
1662064568898013952
1662064568943014912
1662064568988015872
1662064569027016704
1662064569069017600
1662064569108018432
1662064569150019328
1662064569195020288
1662064569234021120
1662064569279022080
1662064569324023040
1662064569366023936
1662064569411024896
1662064569453025792
1662064569498026752
1662064569543027712
1662064569582028544
1662064569630029568
1662064569672030464
1662064569717031424
1662064569759032320
1662064569801033216
1662064569837033984
1662064569879034880
1662064569927035904
1662064569969036800
1662064570011037696
1662064570056038656
1662064570101039616
1662064570146040576
1662064570188041472
1662064570230042368
1662064570275043328
1662064570317044224
1662064570359045120
1662064570398045952
1662064570443046912
1662064570485047808
1662064570527048704
1662064570569049600
1662064570614050560
1662064570659051520
1662064570701052416
1662064570740053248
1662064570782054144
1662064570827055104
1662064570869056000
1662064570914056960
1662064570959057920
1662064571001058816
1662064571043059712
1662064571079060480
1662064571124061440
1662064571169062400
1662064571211063296
1662064571253064192
1662064571298065152
1662064571343066112
1662064571394067200
1662064571433068032
1662064571478068992
1662064571520069888
1662064571565070848
1662064571610071808
1662064571652072704
1662064571694073600
1662064571736074496
1662064571784075520
1662064571829076480
1662064571877077504
1662064571919078400
1662064571970079488
1662064572012080384
1662064572060081408
1662064572102082304
1662064572144083200
1662064572186084096
1662064572225084928
1662064572267085824
1662064572309086720
1662064572357087744
1662064572399088640
1662064572444089600
1662064572492090624
1662064572540091648
1662064572588092672
1662064572630093568
1662064572669094400
1662064572714095360
1662064572759096320
1662064572801097216
1662064572840098048
1662064572882098944
1662064572921099776
1662064572966100736
1662064573008101632
1662064573050102528
1662064573092103424
1662064573134104320
1662064573176105216
1662064573215106048
1662064573257106944
1662064573299107840
1662064573341108736
1662064573383109632
1662064573422110464
1662064573464111360
1662064573509112320
1662064573545113088
1662064573587113984
1662064573629114880
1662064573671115776
1662064573710116608
1662064573752117504
1662064573794118400
1662064573836119296
1662064573878120192
1662064573917121024
1662064573959121920
1662064574004122880
1662064574049123840
1662064574088124672
1662064574133125632
1662064574175126528
1662064574220127488
1662064574265128448
1662064574304129280
1662064574343130112
1662064574388131072
1662064574430131968
1662064574475132928
1662064574520133888
1662064574556134656
1662064574595135488
1662064574637136384
1662064574679137280
1662064574721138176
1662064574769139200
1662064574811140096
1662064574856141056
1662064574898141952
1662064574934142720
1662064574970143488
1662064575015144448
1662064575057145344
1662064575099146240
1662064575144147200
1662064575189148160
1662064575231149056
1662064575273149952
1662064575318150912
1662064575363151872
1662064575408152832
1662064575450153728
1662064575489154560
1662064575531155456
1662064575579156480
1662064575624157440
1662064575663158272
1662064575711159296
1662064575756160256
1662064575801161216
1662064575840162048
1662064575882162944
1662064575924163840
1662064575963164672
1662064576008165632
1662064576050166528
1662064576095167488
1662064576137168384
1662064576182169344
1662064576224170240
1662064576263171072
1662064576302171904
1662064576347172864
1662064576392173824
1662064576434174720
1662064576476175616
1662064576518176512
1662064576560177408
1662064576608178432
1662064576650179328
1662064576701180416
1662064576743181312
1662064576782182144
1662064576824183040
1662064576866183936
1662064576908184832
1662064576950185728
1662064576995186688
1662064577034187520
1662064577079188480
1662064577118189312
1662064577163190272
1662064577205191168
1662064577247192064
1662064577289192960
1662064577331193856
1662064577373194752
1662064577415195648
1662064577460196608
1662064577505197568
1662064577547198464
1662064577592199424
1662064577634200320
1662064577676201216
1662064577718202112
1662064577757202944
1662064577799203840
1662064577841204736
1662064577886205696
1662064577928206592
1662064577973207552
1662064578012208384
1662064578051209216
1662064578090210048
1662064578132210944
1662064578174211840
1662064578219212800
1662064578258213632
1662064578306214656
1662064578348215552
1662064578393216512
1662064578441217536
1662064578489218560
1662064578534219520
1662064578576220416
1662064578615221248
1662064578657222144
1662064578699223040
1662064578741223936
1662064578786224896
1662064578828225792
1662064578867226624
1662064578912227584
1662064578954228480
1662064578996229376
1662064579041230336
1662064579080231168
1662064579122232064
1662064579161232896
1662064579203233792
1662064579248234752
1662064579287235584
1662064579329236480
1662064579374237440
1662064579422238464
1662064579470239488
1662064579515240448
1662064579557241344
1662064579599242240
1662064579638243072
1662064579680243968
1662064579728244992
1662064579773245952
1662064579815246848
1662064579860247808
1662064579902248704
1662064579944249600
1662064579986250496
1662064580028251392
1662064580067252224
1662064580112253184
1662064580151254016
1662064580190254848
1662064580229255680
1662064580271256576
1662064580310257408
1662064580352258304
1662064580394259200
1662064580442260224
1662064580484261120
1662064580526262016
1662064580568262912
1662064580610263808
1662064580655264768
1662064580697265664
1662064580739266560
1662064580781267456
1662064580823268352
1662064580868269312
1662064580916270336
1662064580955271168
1662064581000272128
1662064581045273088
1662064581087273984
1662064581135275008
1662064581177275904
1662064581222276864
1662064581267277824
1662064581312278784
1662064581357279744
1662064581399280640
1662064581441281536
1662064581489282560
1662064581531283456
1662064581564284160
1662064581606285056
1662064581651286016
1662064581690286848
1662064581732287744
1662064581777288704
1662064581816289536
1662064581861290496
1662064581903291392
1662064581945292288
1662064581987293184
1662064582032294144
1662064582068294912
1662064582113295872
1662064582152296704
1662064582194297600
1662064582239298560
1662064582278299392
1662064582320300288
1662064582365301248
1662064582404302080
1662064582446302976
1662064582485303808
1662064582536304896
1662064582578305792
1662064582620306688
1662064582665307648
1662064582707308544
1662064582752309504
1662064582794310400
1662064582839311360
1662064582881312256
1662064582923313152
1662064582965314048
1662064583007314944
1662064583058316032
1662064583100316928
1662064583145317888
1662064583187318784
1662064583229319680
1662064583274320640
1662064583319321600
1662064583364322560
1662064583409323520
1662064583454324480
1662064583499325440
1662064583544326400
1662064583589327360
1662064583631328256
1662064583676329216
1662064583715330048
1662064583760331008
1662064583802331904
1662064583847332864
1662064583886333696
1662064583928334592
1662064583973335552
1662064584018336512
1662064584063337472
1662064584102338304
1662064584141339136
1662064584183340032
1662064584222340864
1662064584264341760
1662064584309342720
1662064584351343616
1662064584393344512
1662064584435345408
1662064584477346304
1662064584519347200
1662064584561348096
1662064584600348928
1662064584645349888
1662064584690350848
1662064584729351680
1662064584774352640
1662064584816353536
1662064584861354496
1662064584903355392
1662064584945356288
1662064584990357248
1662064585032358144
1662064585074359040
1662064585116359936
1662064585164360960
1662064585206361856
1662064585248362752
1662064585293363712
1662064585332364544
1662064585377365504
1662064585419366400
1662064585464367360
1662064585509368320
1662064585557369344
1662064585599370240
1662064585641371136
1662064585686372096
1662064585731373056
1662064585779374080
1662064585824375040
1662064585866375936
1662064585914376960
1662064585953377792
1662064586001378816
1662064586043379712
1662064586088380672
1662064586133381632
1662064586175382528
1662064586217383424
1662064586262384384
1662064586307385344
1662064586352386304
1662064586394387200
1662064586442388224
1662064586484389120
1662064586526390016
1662064586574391040
1662064586619392000
1662064586664392960
1662064586706393856
1662064586748394752
1662064586790395648
1662064586835396608
1662064586874397440
1662064586919398400
1662064586964399360
1662064587006400256
1662064587048401152
1662064587093402112
1662064587135403008
1662064587180403968
1662064587225404928
1662064587267405824
1662064587312406784
1662064587357407744
1662064587396408576
1662064587441409536
1662064587483410432
1662064587531411456
1662064587576412416
1662064587621413376
1662064587666414336
1662064587708415232
1662064587750416128
1662064587798417152
1662064587840418048
1662064587882418944
1662064587921419776
1662064587963420672
1662064588005421568
1662064588041422336
1662064588083423232
1662064588122424064
1662064588173425152
1662064588212425984
1662064588257426944
1662064588299427840
1662064588341428736
1662064588386429696
1662064588431430656
1662064588476431616
1662064588521432576
1662064588563433472
1662064588608434432
1662064588647435264
1662064588689436160
1662064588734437120
1662064588776438016
1662064588815438848
1662064588860439808
1662064588902440704
1662064588938441472
1662064588983442432
1662064589025443328
1662064589067444224
1662064589112445184
1662064589154446080
1662064589196446976
1662064589244448000
1662064589280448768
1662064589322449664
1662064589364450560
1662064589406451456
1662064589445452288
1662064589487453184
1662064589532454144
1662064589571454976
1662064589613455872
1662064589658456832
1662064589697457664
1662064589742458624
1662064589781459456
1662064589823460352
1662064589865461248
1662064589907462144
1662064589949463040
1662064589994464000
1662064590036464896
1662064590081465856
1662064590123466752
1662064590168467712
1662064590210468608
1662064590255469568
1662064590300470528
1662064590348471552
1662064590390472448
1662064590435473408
1662064590477474304
1662064590516475136
1662064590552475904
1662064590594476800
1662064590639477760
1662064590687478784
1662064590723479552
1662064590762480384
1662064590810481408
1662064590849482240
1662064590894483200
1662064590939484160
1662064590981485056
1662064591023485952
1662064591065486848
1662064591107487744
1662064591158488832
1662064591206489856
1662064591254490880
1662064591296491776
1662064591344492800
1662064591389493760
1662064591431494656
1662064591479495680
1662064591524496640
1662064591569497600
1662064591611498496
1662064591650499328
1662064591689500160
1662064591734501120
1662064591776502016
1662064591821502976
1662064591863503872
1662064591905504768
1662064591950505728
1662064591992506624
1662064592037507584
1662064592079508480
1662064592124509440
1662064592163510272
1662064592202511104
1662064592247512064
1662064592289512960
1662064592328513792
1662064592370514688
1662064592412515584
1662064592451516416
1662064592490517248
1662064592532518144
1662064592577519104
1662064592622520064
1662064592661520896
1662064592706521856
1662064592748522752
1662064592790523648
1662064592829524480
1662064592871525376
1662064592913526272
1662064592955527168
1662064593000528128
1662064593045529088
1662064593087529984
1662064593129530880
1662064593168531712
1662064593210532608
1662064593252533504
1662064593297534464
1662064593342535424
1662064593384536320
1662064593429537280
1662064593468538112
1662064593510539008
1662064593555539968
1662064593600540928
1662064593648541952
1662064593687542784
1662064593732543744
1662064593771544576
1662064593816545536
1662064593861546496
1662064593903547392
1662064593942548224
1662064593984549120
1662064594026550016
1662064594071550976
1662064594113551872
1662064594161552896
1662064594206553856
1662064594248554752
1662064594287555584
1662064594326556416
1662064594371557376
1662064594416558336
1662064594452559104
1662064594494560000
1662064594533560832
1662064594578561792
1662064594623562752
1662064594665563648
1662064594704564480
1662064594746565376
1662064594788566272
1662064594830567168
1662064594869568000
1662064594908568832
1662064594950569728
1662064594995570688
1662064595037571584
1662064595076572416
1662064595115573248
1662064595157574144
1662064595199575040
1662064595244576000
1662064595286576896
1662064595331577856
1662064595373578752
1662064595415579648
1662064595460580608
1662064595502581504
1662064595550582528
1662064595592583424
1662064595637584384
1662064595676585216
1662064595718586112
1662064595757586944
1662064595802587904
1662064595847588864
1662064595886589696
1662064595925590528
1662064595967591424
1662064596012592384
1662064596057593344
1662064596099594240
1662064596141595136
1662064596183596032
1662064596228596992
1662064596273597952
1662064596312598784
1662064596357599744
1662064596402600704
1662064596441601536
1662064596483602432
1662064596525603328
1662064596567604224
1662064596606605056
1662064596648605952
1662064596687606784
1662064596729607680
1662064596771608576
1662064596816609536
1662064596858610432
1662064596900611328
1662064596939612160
1662064596975612928
1662064597020613888
1662064597068614912
1662064597110615808
1662064597155616768
1662064597197617664
1662064597239618560
1662064597284619520
1662064597326620416
1662064597368621312
1662064597410622208
1662064597452623104
1662064597497624064
1662064597542625024
1662064597584625920
1662064597626626816
1662064597668627712
1662064597707628544
1662064597749629440
1662064597788630272
1662064597836631296
1662064597878632192
1662064597920633088
1662064597962633984
1662064598010635008
1662064598052635904
1662064598097636864
1662064598139637760
1662064598175638528
1662064598220639488
1662064598259640320
1662064598301641216
1662064598346642176
1662064598391643136
1662064598433644032
1662064598481645056
1662064598520645888
1662064598559646720
1662064598601647616
1662064598643648512
1662064598685649408
1662064598727650304
1662064598772651264
1662064598814652160
1662064598859653120
1662064598901654016
1662064598943654912
1662064598985655808
1662064599027656704
1662064599069657600
1662064599114658560
1662064599156659456
1662064599201660416
1662064599243661312
1662064599288662272
1662064599330663168
1662064599372664064
1662064599420665088
1662064599465666048
1662064599510667008
1662064599552667904
1662064599591668736
1662064599639669760
1662064599681670656
1662064599723671552
1662064599771672576
1662064599810673408
1662064599852674304
1662064599900675328
1662064599939676160
1662064599981677056
1662064600026678016
1662064600071678976
1662064600113679872
1662064600158680832
1662064600200681728
1662064600245682688
1662064600287683584
1662064600329684480
1662064600371685376
1662064600416686336
1662064600458687232
1662064600497688064
1662064600539688960
1662064600581689856
1662064600623690752
1662064600668691712
1662064600713692672
1662064600761693696
1662064600806694656
1662064600851695616
1662064600899696640
1662064600947697664
1662064600989698560
1662064601031699456
1662064601079700480
1662064601124701440
1662064601172702464
1662064601217703424
1662064601262704384
1662064601307705344
1662064601349706240
1662064601388707072
1662064601424707840
1662064601466708736
1662064601511709696
1662064601550710528
1662064601595711488
1662064601640712448
1662064601685713408
1662064601727714304
1662064601769715200
1662064601811716096
1662064601853716992
1662064601901718016
1662064601943718912
1662064601988719872
1662064602036720896
1662064602078721792
1662064602120722688
1662064602168723712
1662064602210724608
1662064602249725440
1662064602294726400
1662064602333727232
1662064602375728128
1662064602414728960
1662064602456729856
1662064602495730688
1662064602546731776
1662064602591732736
1662064602633733632
1662064602675734528
1662064602714735360
1662064602762736384
1662064602807737344
1662064602846738176
1662064602888739072
1662064602930739968
1662064602972740864
1662064603017741824
1662064603056742656
1662064603095743488
1662064603140744448
1662064603182745344
1662064603218746112
1662064603269747200
1662064603308748032
1662064603347748864
1662064603389749760
1662064603434750720
1662064603479751680
1662064603521752576
1662064603563753472
1662064603605754368
1662064603650755328
1662064603689756160
1662064603740757248
1662064603782758144
1662064603827759104
1662064603869760000
1662064603914760960
1662064603950761728
1662064603992762624
1662064604034763520
1662064604076764416
1662064604118765312
1662064604160766208
1662064604208767232
1662064604247768064
1662064604289768960
1662064604337769984
1662064604379770880
1662064604421771776
1662064604463772672
1662064604508773632
1662064604550774528
1662064604595775488
1662064604640776448
1662064604682777344
1662064604724778240
1662064604769779200
1662064604814780160
1662064604853780992
1662064604901782016
1662064604943782912
1662064604985783808
1662064605027784704
1662064605072785664
1662064605114786560
1662064605156787456
1662064605198788352
1662064605240789248
1662064605282790144
1662064605324791040
1662064605366791936
1662064605411792896
1662064605462793984
1662064605510795008
1662064605552795904
1662064605591796736
1662064605630797568
1662064605672798464
1662064605714799360
1662064605765800448
1662064605810801408
1662064605852802304
1662064605897803264
1662064605936804096
1662064605978804992
1662064606020805888
1662064606065806848
1662064606110807808
1662064606155808768
1662064606197809664
1662064606242810624
1662064606287811584
1662064606329812480
1662064606368813312
1662064606413814272
1662064606452815104
1662064606491815936
1662064606533816832
1662064606578817792
1662064606620818688
1662064606668819712
1662064606710820608
1662064606752821504
1662064606794822400
1662064606836823296
1662064606881824256
1662064606923825152
1662064606968826112
1662064607010827008
1662064607055827968
1662064607100828928
1662064607142829824
1662064607187830784
1662064607229831680
1662064607271832576
1662064607316833536
1662064607358834432
1662064607406835456
1662064607448836352
1662064607493837312
1662064607535838208
1662064607577839104
1662064607619840000
1662064607664840960
1662064607709841920
1662064607751842816
1662064607790843648
1662064607829844480
1662064607871845376
1662064607910846208
1662064607958847232
1662064608003848192
1662064608048849152
1662064608090850048
1662064608135851008
1662064608177851904
1662064608219852800
1662064608267853824
1662064608312854784
1662064608354855680
1662064608396856576
1662064608441857536
1662064608486858496
1662064608528859392
1662064608570860288
1662064608615861248
1662064608657862144
1662064608699863040
1662064608744864000
1662064608786864896
1662064608828865792
1662064608870866688
1662064608915867648
1662064608957868544
1662064608999869440
1662064609038870272
1662064609083871232
1662064609128872192
1662064609170873088
1662064609212873984
1662064609254874880
1662064609299875840
1662064609341876736
1662064609386877696
1662064609428878592
1662064609470879488
1662064609515880448
1662064609560881408
1662064609605882368
1662064609653883392
1662064609698884352
1662064609740885248
1662064609785886208
1662064609827887104
1662064609869888000
1662064609917889024
1662064609956889856
1662064610001890816
1662064610043891712
1662064610082892544
1662064610124893440
1662064610166894336
1662064610208895232
1662064610250896128
1662064610292897024
1662064610334897920
1662064610376898816
1662064610418899712
1662064610463900672
1662064610505901568
1662064610547902464
1662064610589903360
1662064610634904320
1662064610676905216
1662064610715906048
1662064610760907008
1662064610805907968
1662064610850908928
1662064610889909760
1662064610931910656
1662064610976911616
1662064611021912576
1662064611066913536
1662064611111914496
1662064611153915392
1662064611198916352
1662064611240917248
1662064611282918144
1662064611321918976
1662064611363919872
1662064611402920704
1662064611447921664
1662064611495922688
1662064611537923584
1662064611579924480
1662064611627925504
1662064611666926336
1662064611708927232
1662064611753928192
1662064611795929088
1662064611843930112
1662064611885931008
1662064611924931840
1662064611969932800
1662064612017933824
1662064612059934720
1662064612104935680
1662064612149936640
1662064612194937600
1662064612233938432
1662064612278939392
1662064612326940416
1662064612371941376
1662064612410942208
1662064612452943104
1662064612491943936
1662064612530944768
1662064612569945600
1662064612614946560
1662064612659947520
1662064612704948480
1662064612749949440
1662064612788950272
1662064612833951232
1662064612875952128
1662064612917953024
1662064612956953856
1662064613001954816
1662064613040955648
1662064613085956608
1662064613130957568
1662064613178958592
1662064613220959488
1662064613262960384
1662064613304961280
1662064613346962176
1662064613385963008
1662064613430963968
1662064613469964800
1662064613511965696
1662064613553966592
1662064613595967488
1662064613634968320
1662064613673969152
1662064613715970048
1662064613757970944
1662064613805971968
1662064613847972864
1662064613886973696
1662064613925974528
1662064613976975616
1662064614015976448
1662064614057977344
1662064614102978304
1662064614144979200
1662064614186980096
1662064614228980992
1662064614267981824
1662064614318982912
1662064614360983808
1662064614405984768
1662064614447985664
1662064614489986560
1662064614531987456
1662064614570988288
1662064614609989120
1662064614654990080
1662064614696990976
1662064614741991936
1662064614783992832
1662064614828993792
1662064614870994688
1662064614915995648
1662064614960996608
1662064615002997504
1662064615044998400
1662064615086999296
1662064615132000256
1662064615177001216
1662064615219002112
1662064615261003008
1662064615303003904
1662064615345004800
1662064615384005632
1662064615423006464
1662064615462007296
1662064615498008064
1662064615546009088
1662064615588009984
1662064615630010880
1662064615675011840
1662064615714012672
1662064615756013568
1662064615798014464
