# Timestamp KF, Num CovKFs, Num KFs, Num RecentMPs, Num MPs, processKF, MPCulling, CreateMP, SearchNeigh, BA, KFCulling, [numFixKF_LBA]
0,0,1,791,791,33.052982,0.105831,0.027988,4.977398,0.132581,0.004637,0
103735900,1,2,1159,1033,2.315313,0.176797,12.347228,11.076686,0.073825,0.001202,0
207338100,2,3,1066,961,27.283362,1.077672,39.025225,11.512319,29.424438,0.134791,2
414691700,3,4,890,1035,22.344546,0.568603,47.414924,16.739660,5.789270,0.356655,2
518430200,4,5,981,1157,21.230967,0.340170,64.234914,17.946804,48.382011,0.439891,2
725797700,5,6,1031,1250,24.567842,0.489225,52.008781,19.347325,52.721058,0.492328,2
933146700,6,7,987,1299,20.292057,0.546916,65.207208,22.449390,57.833553,0.534225,2
1140497000,7,8,1099,1434,23.395730,0.802719,72.663470,28.104498,129.721657,0.876465,2
1347979000,8,9,1252,1634,19.815569,0.905772,69.351794,34.543546,123.136127,1.141782,2
1555212000,9,10,1311,1739,17.869802,0.642876,62.939598,34.421345,86.026074,0.817962,2
1866302000,10,11,1226,1794,17.450744,0.778545,48.145272,30.992499,102.454677,1.165252,2
2177281000,11,12,1149,1882,30.034019,1.001944,35.791743,34.504348,146.153570,1.897335,2
2384639000,10,13,1157,1931,17.207595,0.722074,39.202252,34.290296,70.497266,1.166060,2
2591988000,9,14,1065,1876,32.431499,0.881218,39.535653,32.528495,134.216075,1.268613,4
2799367000,8,15,1031,1942,25.073067,0.539452,41.118997,36.390874,77.978266,1.446491,6
3110441000,6,16,1117,2117,45.999619,0.915795,37.306942,40.412122,68.586625,1.467698,9
3421285000,8,17,1079,2158,20.976992,0.630798,48.206799,41.884428,72.847388,7.532713,8
3628545000,7,18,1021,2144,19.111895,0.640171,43.049800,44.244482,63.208699,1.844179,10
3835871000,8,19,1034,2188,17.416529,0.700076,48.271377,41.387191,53.566836,1.971308,10
4043107000,9,20,1123,2293,16.943835,0.529126,67.401133,48.994038,104.059350,1.969040,10
4250460000,9,21,1100,2368,16.820981,0.563249,54.801946,42.452989,97.564671,1.967956,11
4457940000,9,22,1030,2369,16.353958,0.631937,59.014887,47.874239,120.609688,2.770263,12
4665293000,9,23,1051,2459,15.751417,0.491221,37.896277,45.787557,122.094134,2.583976,13
4872532000,11,24,1159,2616,25.802114,0.749677,60.804393,67.306245,15.218974,3.519173,12
5079909000,11,25,1234,2771,16.728606,1.143323,57.467903,55.434959,113.589951,2.419132,13
5287117000,13,26,1247,2842,21.555523,0.796688,52.302768,55.938222,118.880142,2.341496,12
5494473000,11,27,1256,2927,19.685205,0.699296,54.548804,56.405773,95.710204,2.628869,15
5701829000,12,28,1307,3056,18.481143,0.592852,55.251517,59.840760,107.420539,2.297112,15
5909185000,13,29,1302,3175,17.479483,0.722690,62.198009,62.100189,17.726569,2.434798,15
6116541000,13,30,1281,3234,30.951970,0.718579,52.307739,55.534111,134.230703,2.403605,16
6323895000,12,31,1318,3345,24.440836,0.734240,52.443082,59.546838,21.168329,2.220015,18
6531383000,10,32,1294,3415,23.576857,0.899154,48.828650,58.672420,133.654177,2.418943,21
6738741000,11,33,1269,3466,20.728936,0.645773,54.653521,59.982442,105.279860,2.634977,21
6945963000,12,34,1233,3504,19.603062,0.705043,68.828150,61.487129,91.821287,1.770317,21
7153323000,13,35,1155,3147,18.359297,0.508344,71.684748,63.063374,72.974462,1.669614,21
7360549000,11,36,1122,3120,18.056446,0.448422,71.172373,53.340412,75.046238,1.507121,24
7567786000,13,37,1135,3159,17.611983,0.538506,69.030586,46.442056,80.039548,1.520910,23
7775144000,13,38,1198,3247,16.747542,0.521733,82.763822,55.891562,86.735259,1.577436,24
7982493000,13,39,1152,3310,15.891772,0.594240,67.509979,49.031044,69.731759,1.482411,25
8189849000,3,40,1154,3772,15.699900,0.591680,109.009971,0.000240,0.000000,0.000000,0
8293470000,2,41,1242,3934,15.720186,0.536089,81.422584,0.000237,0.000000,0.000000,0
8397102000,2,42,1302,4129,15.464100,0.525585,98.177425,0.000242,0.000000,0.000000,0
8500847000,14,43,1372,3805,15.548649,0.450138,100.974145,46.685132,31.306454,2.343043,28
8708175000,14,44,1436,3953,15.081034,0.531513,106.225042,67.399692,18.141482,2.494248,29
8915403000,14,45,1435,4053,15.735752,0.746661,100.215177,80.973623,18.907011,2.249036,30
9122890000,17,46,1504,4142,15.994879,0.740251,90.885232,82.033910,201.809757,2.192495,28
9433986000,15,47,1343,4225,16.522237,0.872902,79.822644,88.659870,156.120127,2.936051,31
9849229000,16,48,1251,4206,20.704036,1.262133,78.287094,93.380834,161.109327,4.415679,31
10264660000,16,49,1138,4200,20.656584,1.294400,66.705392,68.317556,172.842128,4.531340,32
10680620000,17,50,1109,4267,20.565157,1.204176,61.759798,67.727121,175.566732,4.087605,32
11096590000,15,51,1284,4505,20.824639,1.026039,51.600424,79.225693,123.112683,3.962589,34
11408180000,14,52,1573,4806,21.100642,0.814312,38.763736,78.642975,122.015852,2.991196,34
11719270000,13,53,1477,4786,21.368670,1.270530,45.505463,66.310713,112.945173,2.862343,34
12030000000,10,54,1342,4862,19.870666,1.134096,46.003039,58.176111,133.333374,3.078982,38
12340600000,5,55,1326,4971,17.889748,0.857930,45.528046,53.839300,84.679502,3.056931,39
12651070000,6,56,1261,5015,17.147772,1.021248,44.138488,47.774487,93.091895,2.088850,39
12961670000,6,57,1135,4979,16.285843,1.016760,51.141871,41.974328,82.749485,1.883629,34
13272350000,6,58,1046,4991,14.947745,0.684312,55.833630,36.952626,68.674451,3.025505,21
13479500000,7,59,1029,5023,16.103643,0.851291,53.011061,40.754312,59.360443,1.378226,21
13686720000,7,60,1061,5087,15.527910,0.657677,46.965668,34.762918,90.703171,1.444278,18
13997670000,8,61,996,5107,14.857007,0.527625,50.439304,36.557855,58.625693,1.384354,18
14204920000,4,62,882,5147,14.385386,0.478100,51.388753,26.232876,7.064639,1.776792,7
14308540000,10,63,940,5136,15.063448,0.562039,61.886451,31.911079,69.614612,9.738463,18
14515890000,3,64,886,5260,13.965138,0.439802,46.183011,23.679752,5.971918,1.198273,9
14619680000,12,65,957,5289,14.003804,0.351988,71.441872,34.353976,131.789535,1.847453,18
14826860000,13,66,1060,5446,15.521376,0.590879,68.408522,41.923885,116.721672,2.224942,18
15034100000,13,67,1222,5695,14.865556,0.598141,92.028507,59.699550,12.921021,2.336731,18
15241450000,14,68,1321,5799,14.706957,0.572053,73.403213,49.968549,126.297574,2.489153,18
15448810000,14,69,1345,5901,14.770738,0.661300,77.405260,57.034559,86.564727,2.274660,17
15656170000,16,70,1213,5926,16.577507,0.730940,90.994311,66.719463,17.778131,2.682837,18
15863640000,17,71,1308,5977,14.925542,0.650964,81.774580,57.219902,118.967880,2.866417,18
16071020000,17,72,1349,6099,15.338923,0.717145,78.063518,76.343543,201.817934,3.000552,17
16382090000,16,73,1332,6261,14.823059,0.780874,56.150813,62.732469,229.766288,4.307461,7
16693090000,12,74,1341,6450,14.978532,0.790912,42.745866,61.761713,122.029016,2.881129,11
16900430000,12,75,1271,6413,14.910982,0.796584,37.898547,57.010187,133.703168,2.624304,11
17107900000,11,76,1205,6450,14.281043,0.650453,33.949921,53.509142,128.142134,3.120645,13
17315390000,11,77,1182,6488,14.693167,0.655178,41.942024,55.444215,126.214887,2.638423,14
17522870000,10,78,1132,6530,14.041159,0.677052,41.744167,51.683970,109.073956,2.564000,16
17730220000,10,79,1109,6573,13.966223,0.570039,38.764221,46.863784,108.771586,2.370147,17
17937460000,11,80,1014,6550,13.914728,0.574072,49.449458,45.825258,123.531917,2.395718,17
18144820000,15,81,989,6563,13.960773,0.590205,53.823210,50.369416,129.010369,2.615060,14
18352170000,15,82,1108,6748,14.440326,0.513034,51.409928,59.074154,95.545095,2.546209,15
18559570000,14,83,1182,6870,14.884184,0.562220,59.440745,58.044480,27.157578,2.674878,17
18766880000,11,84,1097,6872,22.055438,1.026839,55.356253,49.351172,113.946647,2.206532,20
18974110000,13,85,1035,6887,19.728128,0.584651,61.532422,48.537369,117.605174,2.581241,20
19181410000,13,86,1040,7035,38.382137,0.574795,55.724224,61.810008,16.790224,2.494881,20
19388680000,13,87,1138,7073,30.385309,0.480186,60.422599,50.953330,118.828589,2.618949,21
19595800000,14,88,1084,7104,26.648254,0.560616,55.428211,55.377741,96.369227,2.501733,21
19802910000,14,89,1064,7165,25.017389,0.611956,65.462150,66.019331,13.751223,3.235396,22
20010020000,15,90,1061,7252,23.208141,0.465751,66.046327,56.831364,100.374791,2.540452,22
20217140000,15,91,1066,7328,22.143600,0.514969,69.468826,67.354512,180.123328,2.880827,23
20527470000,15,92,989,7388,21.566135,0.610750,59.032772,58.260857,106.391569,5.224445,24
20837960000,13,93,1018,7491,20.362383,0.715143,50.629650,58.826957,93.724114,3.247207,27
21148370000,7,94,995,7609,20.575444,1.107029,22.096195,64.567746,87.062244,3.450691,33
21459000000,4,95,940,7629,18.035353,0.658333,17.451062,48.328090,41.251648,1.797982,37
21770100000,3,96,980,7715,22.772710,0.571914,34.862289,42.344125,41.357699,1.635711,26
21977710000,4,97,1174,7896,21.437281,0.536862,52.696891,44.874491,50.793607,1.769659,26
22185310000,4,98,1278,7977,20.234441,0.567706,61.029473,43.098833,66.335144,0.608116,23
22497160000,5,99,1287,8064,18.784772,0.621155,63.783024,39.782460,65.062936,0.732551,23
22809640000,6,100,1335,8156,34.891305,0.841759,70.259264,41.607549,86.092959,0.858807,23
23121720000,6,101,1354,8265,26.906103,0.911824,83.268462,57.750909,89.768770,1.022031,16
23433600000,7,102,1329,8297,23.248020,0.725519,78.573509,43.637912,88.416663,1.101008,16
23745190000,7,103,1368,8438,21.623282,0.739866,80.433268,36.264438,82.424706,1.156641,14
24056420000,8,104,1470,8639,29.476751,1.186682,77.009191,40.092380,92.142691,1.343202,14
24367270000,8,105,1459,8676,24.285467,0.848328,73.991348,39.994796,91.987950,1.388874,15
24678100000,9,106,1357,8670,21.390665,0.787566,81.286900,40.403973,107.485257,1.856965,15
24989130000,10,107,1268,8670,20.317009,0.922245,67.952080,37.086291,120.775972,1.666526,15
25196320000,11,108,1259,8740,19.121281,0.695515,107.365311,53.872587,13.189723,1.944403,15
25403640000,12,109,1300,8759,18.451809,0.589873,90.374451,47.211519,116.640665,2.148555,15
25610880000,11,110,1440,9040,17.926979,0.652384,95.525504,61.884565,13.269834,2.181528,6
25818220000,12,111,1349,9018,17.083302,0.598464,87.041282,48.891241,133.061920,2.120517,6
26025680000,13,112,1297,9051,17.167549,0.771136,88.672027,58.315910,196.911241,2.162801,6
26336550000,14,113,1205,9136,16.981810,0.756092,71.593745,54.913962,212.396322,2.146937,6
26647670000,13,114,1319,9291,16.139851,0.741580,80.784499,67.723725,208.231193,2.352300,7
26958500000,13,115,1339,9402,27.871539,0.741182,65.049203,62.905728,231.134466,3.998985,8
27269470000,11,116,1292,9461,27.622220,0.959429,57.840701,69.373874,17.963818,3.235022,11
27476870000,15,117,1548,9701,21.069474,0.965892,100.972103,81.917980,20.953451,3.104809,8
27684070000,14,118,1789,9825,19.242154,0.697155,80.851615,68.785964,133.904778,3.016042,10
27891280000,5,119,1530,10321,19.610204,0.863704,123.556229,46.875058,0.000000,0.000000,0
27995100000,10,120,1584,9864,17.607483,0.755860,78.543539,69.662032,21.077914,3.220839,16
28202280000,11,121,1530,9958,18.153067,0.781462,96.109219,69.852369,204.834526,3.180208,16
28513230000,8,122,1269,10054,17.485755,0.946309,61.257162,57.718744,20.795346,3.522927,17
28722280000,9,123,1263,10106,16.604820,0.791036,56.666934,62.053097,105.493991,3.362726,17
29031560000,10,124,1182,10071,16.569823,0.734515,49.371174,50.055165,131.798419,2.880265,17
29238910000,11,125,1093,10059,16.127708,0.691450,69.608874,61.416004,23.001843,3.320316,17
29446140000,2,126,1071,10373,15.406233,0.650696,83.636116,33.597113,0.000000,0.000000,0
29549760000,12,127,1145,10146,19.861877,0.556959,74.541817,56.921837,107.243061,2.827398,18
29757120000,14,128,1297,10316,20.132124,0.581037,73.248917,63.822673,19.211113,3.030080,17
29964620000,12,129,1471,10552,19.933349,0.739573,82.283713,77.415788,236.972605,3.225561,20
30275700000,9,130,1364,10780,18.667166,0.833087,48.365769,70.215611,106.066491,4.311586,24
30586670000,10,131,1445,10798,18.288278,0.907847,37.368398,73.335765,106.738102,4.421011,24
30897640000,12,132,1485,10923,17.861532,1.055393,49.324573,69.745242,138.445112,5.314435,23
31208610000,10,133,1397,10934,16.484671,1.089660,51.344967,61.208809,100.357360,2.959331,26
31520060000,11,134,1347,10950,16.397687,1.193567,63.109450,58.597117,80.579329,4.837446,26
31830690000,11,135,1336,11031,29.304638,0.867368,54.378863,56.178435,173.786442,3.380004,27
32038040000,12,136,1356,11054,24.346909,0.762894,66.085384,68.911512,21.938670,3.725713,27
32245260000,12,137,1409,11148,21.979386,0.754010,69.182377,61.157628,129.708233,3.146669,28
32452660000,13,138,1439,11260,20.599712,0.690217,71.599772,76.091640,196.275268,2.987666,28
32763730000,11,139,1424,11402,19.805001,0.847818,72.083965,82.439181,184.537516,3.047555,30
33074830000,10,140,1467,11566,19.637761,0.827814,71.922952,74.040157,16.745152,3.324057,31
33282310000,9,141,1383,11542,17.973165,0.790072,68.932974,58.296107,130.103649,3.015282,33
33489780000,10,142,1415,11644,17.348769,0.667123,63.349887,55.952805,94.521710,2.967191,33
33697130000,11,143,1281,11584,17.614463,0.749524,71.225602,63.575642,241.496798,7.969290,33
34008350000,11,144,1349,11813,17.695570,0.807675,51.902531,115.683331,126.102674,3.296273,21
34423340000,9,145,1346,11830,17.026340,1.553836,24.895921,90.250935,116.165209,5.192529,24
34734300000,10,146,1631,12152,22.006401,0.840818,42.538023,72.756946,121.520273,3.086181,24
35045260000,9,147,1571,12225,22.867863,1.208474,39.807139,63.321299,167.457227,3.366937,25
35252510000,7,148,1445,12184,23.372787,1.214844,41.665493,58.195657,86.685974,2.248659,24
35563620000,5,149,1238,12124,18.863981,1.075540,31.268377,51.603809,61.791591,2.754214,26
35770940000,5,150,1171,12142,17.765769,0.764041,49.315654,51.651589,148.713897,2.519666,26
35978300000,7,151,1321,12330,16.928981,0.656182,45.657328,56.443392,85.552423,2.394258,26
36289500000,6,152,1291,12399,19.141658,0.678892,35.195129,57.379383,130.410813,2.512914,22
36496880000,9,153,1207,12327,16.708460,0.729335,63.410610,48.982804,93.318898,2.537096,26
36704360000,11,154,1174,12337,16.119538,0.604567,77.843081,56.788690,19.987844,2.816935,25
36911770000,12,155,1261,12446,16.201705,0.555772,74.975106,59.468120,116.153843,2.518958,25
37119060000,13,156,1330,12568,15.733133,0.599781,78.886037,73.135371,186.618462,2.734306,25
37430160000,12,157,1305,12684,15.957473,0.740378,84.768380,80.003830,181.430081,3.044259,26
37741030000,14,158,1397,12860,16.089319,0.751669,83.598327,81.235627,130.272666,3.562997,26
38155720000,14,159,1238,12857,15.620304,1.185247,56.983876,65.047255,133.953921,3.371690,26
38466570000,15,160,1522,13171,16.262349,0.720472,56.932966,72.649059,142.346064,13.855375,26
38777460000,16,161,1478,13194,30.800735,1.217364,54.672889,68.745327,124.791886,5.965094,26
39088300000,15,162,1366,13203,28.226686,3.031041,70.619248,93.205641,245.961253,3.420542,19
39399320000,15,163,1414,13326,22.733779,0.837909,58.776820,82.077526,98.767086,18.237343,18
39710390000,14,164,1414,13397,21.713587,0.983812,61.608857,66.183174,137.687466,16.010401,19
40021440000,14,165,1385,13487,25.191801,0.874448,60.524354,67.810181,134.920807,15.122905,20
40332560000,14,166,1399,13606,26.792136,0.993695,64.012055,62.751367,137.176693,20.331695,21
40643620000,15,167,1411,13694,20.401124,0.856532,70.536987,65.131912,101.449036,2.582186,21
40850980000,2,168,1216,13945,18.603603,0.731296,93.720351,0.000293,0.000000,0.000000,0
40954720000,2,169,1126,13945,21.972970,0.884122,100.211321,0.000132,0.000000,0.000000,0
41058450000,3,170,1174,14075,18.881566,0.699760,105.178105,0.000141,0.000000,0.000000,0
41162090000,3,171,1158,14301,16.495764,0.472124,101.809146,0.000131,0.000000,0.000000,0
41265810000,3,172,1383,14187,15.878642,0.426648,132.099554,21.106248,11.137861,0.783967,35
41473270000,15,173,1340,14078,15.891044,0.459264,101.154600,41.250044,119.696257,2.686067,27
41680520000,16,174,1491,14154,16.914594,0.735998,138.042966,73.610258,153.656806,2.991256,27
41991400000,17,175,1419,14192,16.176307,0.902444,148.868355,74.586804,28.833500,3.382655,27
42301840000,17,176,1447,14328,16.495202,0.778626,140.629673,94.174203,161.329774,2.906282,28
42612350000,19,177,1507,14489,17.459191,1.209071,127.309772,102.780603,258.747468,3.152450,27
43026190000,18,178,1300,14463,16.946216,4.746865,85.312745,90.882087,203.367355,6.171640,29
43543500000,13,179,1003,14379,17.415073,1.342926,43.028410,79.585152,108.254348,5.130351,35
43854350000,13,180,1302,14705,17.761546,0.641193,45.072190,71.033530,105.665443,2.806988,36
44165420000,8,181,1327,14806,16.811746,0.832635,40.561063,64.294398,111.816368,2.291421,42
44476270000,6,182,1263,14834,16.366452,0.775236,53.106778,53.005006,101.359118,2.331173,44
44787490000,5,183,1266,14946,15.739594,0.872816,74.691438,50.081647,86.462107,2.474968,46
45098960000,6,184,1195,15007,15.262476,0.676729,66.466898,40.408563,92.904121,2.091216,46
45410680000,5,185,1081,14972,15.307244,0.975223,43.260384,35.385026,48.975018,1.221598,19
45618560000,5,186,1053,14981,14.152234,0.538584,71.043361,36.202062,61.694523,1.056992,16
45826510000,6,187,1054,14988,28.843628,0.701054,72.570791,40.660609,78.436625,1.193978,16
46138420000,7,188,1211,15167,26.659192,5.011989,87.828886,66.590322,84.104546,1.646182,16
46450210000,8,189,1291,15325,20.972759,0.713376,87.734659,47.770029,109.868917,1.647381,16
46657810000,9,190,1302,15379,19.766231,0.691745,97.200565,64.230543,189.109287,1.972839,16
46969180000,10,191,1425,15566,25.192233,1.089213,79.783586,53.902625,103.429764,10.195791,16
47280390000,10,192,1489,15755,18.585754,0.938452,67.533408,45.744646,110.490517,1.638801,16
47591510000,11,193,1497,15818,17.538694,1.077935,65.464737,45.995340,93.699850,1.545552,16
47902330000,12,194,1454,15887,16.508823,0.915872,57.270704,45.338360,118.699483,1.835999,16
48213880000,13,195,1410,15873,16.485159,1.048546,60.429649,44.296848,118.142248,1.778185,16
48524140000,13,196,1309,15861,16.132214,1.015001,49.791452,45.844492,110.315988,1.608645,17
48835360000,13,197,1370,15990,16.165900,0.934592,49.599930,52.265439,110.030424,1.767705,13
49146090000,14,198,1250,15983,15.721239,1.015947,47.005184,42.162426,130.569852,1.904799,13
49353850000,15,199,1076,15871,17.272613,0.819405,47.138287,38.943520,118.691059,1.967997,13
49560950000,12,200,990,15854,15.677211,0.606232,45.455673,41.221389,125.036132,2.126413,9
49768340000,2,201,984,16201,20.677321,0.506904,60.085050,29.708818,0.000000,0.000000,0
49872030000,2,202,980,16241,19.940462,0.567281,80.777473,32.410993,0.000000,0.000000,0
49975760000,2,203,946,16424,17.970737,0.406549,81.168721,0.000197,0.000000,0.000000,0
50079370000,12,204,1070,16448,17.165171,0.403382,86.835125,37.708543,0.000000,0.000000,0
50183130000,12,205,978,16276,29.319918,0.427276,60.920178,48.313582,125.397011,2.396860,13
50390360000,18,206,1136,16469,24.246016,0.465647,64.359724,56.443635,236.080859,2.239996,9
50701310000,12,207,1136,16659,22.822162,0.702687,49.210194,63.947837,230.690262,6.562606,15
51012410000,3,208,944,16599,46.298157,2.748936,46.125708,55.537160,14.774290,1.567585,24
51219640000,14,209,1040,16686,23.705531,0.454675,52.086008,55.999634,108.498844,2.357485,15
51427120000,12,210,993,16664,19.882094,0.532182,53.460163,46.962704,109.359290,2.327310,17
51634350000,15,211,986,16741,18.399713,0.545174,51.083168,53.429815,168.793905,2.442397,15
51841860000,10,212,1060,16889,23.212266,0.496863,51.029263,57.124799,91.857529,2.452999,21
52049190000,12,213,1052,16914,20.387361,0.540034,62.435722,51.781330,111.757407,2.317031,20
52256550000,13,214,1119,17074,39.193280,0.845655,82.797884,82.952467,22.889034,2.710233,20
52463930000,10,215,1224,17147,26.270273,0.518810,69.725028,54.257908,70.454367,13.248994,24
52671390000,10,216,1186,17183,28.449029,1.440645,92.738269,85.531925,24.840907,2.707959,25
52878630000,3,217,976,17424,20.759589,0.647975,87.632683,0.000120,0.000000,0.000000,0
52982360000,3,218,962,17478,24.918865,0.779281,81.352550,0.000134,0.000000,0.000000,0
53085970000,3,219,947,17553,22.869597,0.688984,79.764487,0.000090,0.000000,0.000000,0
53189580000,3,220,893,17725,26.792269,0.509108,77.108983,0.000119,0.000000,0.000000,0
53293220000,3,221,932,17921,23.101125,0.553729,79.281075,0.000119,0.000000,0.000000,0
53396940000,3,222,851,18059,21.548623,0.429217,75.985070,0.000108,0.000000,0.000000,0
53500560000,12,223,676,17760,34.362663,0.307989,29.486900,32.386652,19.746047,3.202539,30
53604330000,6,224,684,18032,23.573233,0.536268,82.686737,0.000120,0.000000,0.000000,0
53707910000,17,225,1003,17920,21.004097,0.214587,103.138337,67.618537,23.545552,2.867955,27
53915140000,8,226,1146,18137,20.464901,0.463854,131.968259,51.052966,16.308837,1.616433,33
54122510000,10,227,1282,18444,20.290274,0.523164,145.681320,58.487910,20.368360,1.896273,32
54329880000,18,228,1351,18333,19.744635,0.927089,143.426779,78.856808,128.570940,2.530779,29
54640830000,18,229,1395,18439,19.330073,0.838075,153.242299,86.880403,24.858475,2.902741,30
54951700000,19,230,1523,18589,18.715246,0.779183,138.508261,94.311701,175.566324,2.560753,30
55262650000,20,231,1566,18664,19.222331,0.933920,123.510174,81.781088,219.460400,5.197750,30
55780970000,22,232,1247,18400,22.376632,1.402479,135.181439,103.187847,231.969138,8.277661,29
56299200000,23,233,1184,18332,20.780030,1.025209,139.152306,110.292069,248.872230,52.529439,29
56921000000,24,234,1114,18297,20.629129,1.047615,134.805072,130.733476,195.761381,7.416869,29
57439330000,25,235,1008,18294,21.631806,0.962622,126.760356,133.691903,228.077202,9.014635,29
57957680000,26,236,1012,18337,21.714393,0.855275,123.462491,128.429130,253.585158,11.966004,29
58475980000,27,237,1157,18421,34.429749,3.267751,174.426499,145.586374,226.067239,4.319352,29
58890710000,28,238,1289,18560,53.956921,25.275401,167.531865,114.452542,194.163262,4.824295,29
59305420000,28,239,1221,18587,68.629823,3.164901,159.827289,124.222986,169.207442,5.865012,30
59720500000,27,240,1151,18689,49.421420,7.900391,124.309315,106.926742,280.897087,6.241311,32
60135780000,27,241,920,18581,31.785913,1.428612,83.489590,87.109002,422.027526,8.995567,33
60654780000,23,241,843,18654,37.068759,6.227986,71.470182,74.194815,178.278035,6.846477,37
61069630000,22,242,935,18782,22.928987,0.671781,66.195119,46.133923,173.319567,54.238709,39
61380460000,15,243,1042,18999,24.746491,0.555968,63.174282,43.863024,146.565290,5.628418,47
61587570000,7,244,1113,19101,27.934153,0.791090,59.383019,52.368162,20.236410,5.875699,56
61794550000,6,245,1185,19226,18.818070,0.526444,64.410918,38.508133,106.842385,1.588043,58
62104790000,7,246,1172,19292,20.999881,0.637657,62.203830,38.529207,129.950779,1.536019,58
62311500000,6,247,1070,19305,17.844442,0.655008,59.670410,37.651456,113.768773,1.708473,29
62518230000,7,248,1148,19396,17.178879,0.618548,73.062136,41.215616,81.800425,1.682304,29
62725220000,8,249,1134,19479,16.311511,0.462887,78.220839,29.776729,90.442796,1.784097,29
62932200000,4,250,1056,19857,16.121774,0.530811,100.552193,0.000118,0.000000,0.000000,0
63035810000,2,251,1128,19876,15.458603,0.547434,111.511332,20.275851,0.000000,0.000000,0
63139420000,3,252,1146,20176,14.848451,0.586609,124.494384,0.000137,0.000000,0.000000,0
63242920000,11,253,1299,19907,15.048103,0.466026,81.982414,43.235857,106.143979,2.170340,30
63450150000,12,254,1149,19976,15.129187,0.546247,79.100985,39.628250,28.053036,2.417757,30
63657500000,13,255,1107,20123,15.765096,0.646863,62.318465,45.895477,189.971235,2.323549,30
63864990000,14,256,1199,20280,15.913660,0.571207,74.462778,157.545708,145.780398,4.080397,30
64175970000,13,257,1168,20350,15.955007,0.908565,51.805801,49.818021,144.687996,15.043644,32
64486930000,12,258,1137,20433,14.847081,0.852523,35.614133,51.018508,150.587442,2.424944,7
64694300000,13,259,1111,20434,20.337318,0.678367,53.667245,48.017961,106.751372,2.480209,7
64901640000,12,260,1053,20410,18.592777,0.544029,47.298937,46.219366,119.115641,2.650374,9
65108990000,11,261,1163,20613,17.299881,0.479829,46.069542,51.348820,126.931964,2.639062,10
65316220000,12,262,1115,20683,16.757914,0.568152,44.651651,46.585864,122.420580,2.830363,10
65523620000,8,263,1083,20737,34.265537,0.926850,39.738078,50.330351,96.528313,2.474034,15
65730790000,6,264,995,20682,24.740781,0.446021,40.550712,82.061500,86.273486,2.592478,17
65938040000,7,265,1044,20798,22.520500,0.413208,49.204083,51.152143,130.432590,2.528792,17
66145270000,7,266,1060,20864,20.233386,0.522946,50.744635,64.165462,124.281416,3.069988,18
66352630000,6,267,1045,20957,18.748133,0.526023,45.951450,52.354164,108.231164,3.465337,20
66559860000,6,268,1071,21041,18.272475,0.617932,48.040828,54.089948,127.247950,2.573062,21
66767240000,6,269,1065,21106,23.535047,1.061632,49.830171,48.155988,113.814170,2.223903,22
66974570000,8,270,1162,21246,18.186191,0.534838,52.105978,56.283764,103.093211,2.329637,21
67181930000,8,271,1180,21325,17.406226,0.522020,54.262685,52.513336,111.374814,2.188269,22
67389280000,8,272,1164,21377,16.772753,0.648312,53.329076,54.767735,111.387706,2.239632,23
67596630000,6,273,1129,21436,21.668871,0.555242,48.311289,51.938678,91.342408,2.163265,26
67803900000,2,274,1028,21711,18.783657,0.561500,64.109213,33.727127,0.000000,0.000000,0
67907590000,8,275,977,21498,18.099307,0.442110,55.156623,43.004607,114.723259,2.258981,26
68114970000,9,276,1055,21598,16.778786,0.524924,57.963913,45.767789,99.124593,2.277707,26
68322220000,10,277,1133,21749,16.423461,0.472714,65.378104,48.414167,93.028695,2.164997,26
68529590000,11,278,1131,21810,16.558277,0.549465,63.382175,52.780659,90.268932,1.766940,26
68736910000,12,279,1062,21472,16.309093,0.368535,58.001265,53.978161,113.372490,1.616727,25
68944270000,12,280,1092,21615,15.859008,0.522584,50.994019,51.666577,112.281969,1.714669,25
69151620000,13,281,1083,21663,16.582647,0.705262,42.739843,49.304174,111.820780,1.809355,25
69359000000,14,282,1033,21717,15.774427,0.611134,43.624660,47.153756,124.877454,1.651825,25
69566330000,14,283,1064,21801,30.499550,0.631191,46.579520,48.217497,112.899871,1.598898,27
69773710000,15,284,1040,21845,23.965073,0.517661,41.878604,68.615028,142.726674,2.497391,27
69980930000,15,285,1113,21999,30.776750,2.176738,51.841173,66.047713,34.762047,2.357985,28
70188400000,17,286,1160,22117,24.611590,0.990504,55.166704,51.866011,123.893830,1.706019,27
70395630000,16,287,1156,22151,20.277970,0.683618,48.509368,48.403829,104.318452,1.506554,29
70602990000,16,288,1083,22155,21.544648,0.609386,59.040418,46.871670,81.632913,1.378976,30
70810370000,3,289,1017,22428,22.756595,0.509356,89.379732,30.431313,0.000000,0.000000,0
70913960000,3,290,927,22568,45.319139,2.302129,98.374547,0.000136,0.000000,0.000000,0
71017600000,13,291,1197,22436,20.343938,0.503127,74.632182,55.716348,24.318868,2.103995,35
71224820000,4,292,1109,22860,18.392994,0.497147,76.385426,34.383465,0.000000,0.000000,0
71328430000,4,293,1151,23186,18.298212,0.504169,112.005132,0.000121,0.000000,0.000000,0
71432160000,15,294,1234,23108,18.589040,0.608984,74.239308,38.948359,0.000000,0.000000,0
71535850000,11,295,1072,22858,17.239671,0.539329,66.767663,50.732644,113.222460,2.007884,38
71743010000,16,296,1067,22976,16.764491,0.508037,68.508532,57.893809,35.095956,2.385735,37
71950250000,12,297,1114,23136,16.921511,0.660264,66.257385,57.545726,132.814384,2.166841,39
72157490000,12,298,1167,23283,16.488880,0.618169,51.046495,56.625900,30.160991,2.762158,40
72364830000,12,299,1155,23383,15.940687,0.775466,63.631312,58.540438,137.271729,2.827848,41
72572060000,13,300,1175,23439,16.697311,0.914087,55.039816,71.187624,21.755650,2.876729,41
72779440000,14,301,1245,23555,15.864537,0.676764,72.855121,66.959563,122.422444,2.749644,41
72986770000,3,302,1252,23743,27.519937,1.269804,87.618859,53.186933,13.517317,1.376848,37
73194190000,2,303,1188,24058,16.003688,0.698899,100.689136,0.000233,0.000000,0.000000,0
73297870000,14,304,1237,23773,15.243890,0.704559,67.178898,32.691848,115.976820,2.396075,35
73505110000,3,305,1046,24071,15.298669,0.690611,94.876564,0.000127,0.000000,0.000000,0
73608900000,3,306,1051,24223,15.104340,0.601186,89.033666,0.000137,0.000000,0.000000,0
73712560000,2,307,1097,24339,14.562354,0.620889,88.368623,0.000105,0.000000,0.000000,0
73816140000,3,308,1230,24695,14.504418,0.476364,122.678260,0.000114,0.000000,0.000000,0
73919840000,3,309,1127,24831,14.042627,0.699012,76.723543,0.000116,0.000000,0.000000,0
74023430000,2,310,1090,25002,14.231541,0.527837,99.763252,0.000108,0.000000,0.000000,0
74127170000,3,311,1155,25350,13.688858,0.504887,110.179666,0.000131,0.000000,0.000000,0
74230880000,3,312,1129,25523,13.957498,0.453844,80.590310,0.000127,0.000000,0.000000,0
74334400000,4,313,1074,25683,13.826026,0.465591,85.541495,0.000120,0.000000,0.000000,0
74438030000,4,314,1041,25956,14.268771,0.390559,107.801385,0.000123,0.000000,0.000000,0
74541650000,4,315,1087,26232,13.787633,0.399767,103.313195,0.000101,0.000000,0.000000,0
74645260000,10,316,1493,25949,16.377990,0.395980,174.561475,58.619507,0.000000,0.000000,0
74852540000,19,317,1519,25640,14.631235,0.868081,161.640330,75.589037,57.564249,3.322378,36
75163080000,20,318,1538,25636,32.127743,1.225926,149.777294,179.388196,84.158680,6.788335,36
75473540000,20,319,1480,25637,28.415684,4.572273,142.286587,119.011523,70.333738,3.535402,37
75783770000,21,320,1426,25682,28.923073,1.194410,114.538953,106.746853,180.230081,3.251433,37
76094110000,18,321,1150,25615,31.510877,1.242636,105.064083,83.590633,250.907138,2.956012,35
76507950000,18,322,1090,25685,53.931329,2.583133,64.785178,76.000750,202.329243,7.982632,36
77025530000,16,323,1030,25665,27.086091,1.130145,60.388583,63.497206,128.849523,3.545871,38
77336250000,17,324,1339,25987,22.869916,0.555345,51.209309,62.602038,195.451536,2.959998,38
77750840000,7,325,1136,25903,20.312579,1.175742,40.270070,62.077203,89.025458,3.155885,49
78062560000,5,326,1465,26341,18.992134,0.538553,35.859169,56.267886,89.869214,0.945481,52
78374790000,5,327,1571,26461,17.960634,0.810208,34.224384,53.802848,89.846574,1.071640,53
78687370000,5,328,1430,26413,17.394402,0.831755,50.694377,43.481290,86.836298,1.023954,22
78999750000,5,329,1257,26343,17.135284,0.801277,43.718120,24.477959,70.265343,1.120541,23
79207550000,5,330,1170,26335,17.064812,0.708210,47.328117,26.661964,62.143929,1.043251,20
79415180000,6,331,1102,26359,16.098402,0.637605,45.588513,24.504554,66.502257,1.286493,20
79622670000,7,332,978,26524,15.718090,0.766107,61.390845,25.838480,15.264456,1.416551,20
79726400000,8,333,934,26345,29.692835,0.681350,61.791648,27.334912,104.550175,1.166411,20
79933870000,3,334,912,26678,26.279857,0.503976,87.584321,15.300863,0.000000,0.000000,0
80037500000,10,335,931,26475,23.214760,0.450502,63.319444,31.953904,144.090854,1.350004,20
80244850000,11,336,1152,26744,28.757685,1.809081,58.007609,49.556466,39.380234,2.247110,20
80452210000,12,337,1376,27026,23.910497,0.615556,58.101744,47.695219,136.261622,1.748179,20
80763190000,13,338,1309,27108,31.884927,1.625678,56.580946,51.916354,120.283287,1.716711,20
81074090000,14,339,1271,27170,24.177387,0.833380,33.422824,48.163091,95.806639,1.663921,20
81385030000,14,340,1238,27215,32.169467,0.710052,37.785145,42.549742,134.274897,2.039460,5
81592230000,16,341,1119,27149,26.392490,0.733475,45.225624,43.509580,133.787745,2.163117,20
81799470000,15,342,1005,27111,27.744977,1.127203,33.670794,39.684932,117.066857,2.103023,6
82006700000,16,343,1017,27181,21.544593,0.555260,36.355540,41.681961,135.684240,2.169755,6
82214070000,17,344,1102,27286,19.851496,0.573099,51.113085,49.442856,110.747214,2.356779,6
82421410000,16,345,1167,27396,19.244577,0.516452,46.896369,51.471919,103.580590,2.439277,7
82628780000,18,346,1157,27454,18.463647,0.523529,55.211482,48.919646,103.294363,2.232513,7
82836140000,19,347,1085,27446,17.712130,0.547243,57.049221,47.660603,122.420663,2.123320,7
83043500000,13,348,1063,27528,17.398918,0.635986,45.739030,53.577049,121.393972,2.164350,11
83250970000,19,349,1168,27710,17.761345,0.620813,48.787873,58.664603,123.599102,2.220411,7
83458190000,18,350,1170,27783,17.578861,0.672781,45.787465,49.817464,123.440071,2.179614,9
83665550000,15,351,1174,27847,16.882693,0.663872,45.005089,54.647994,134.683916,3.533889,12
83976710000,15,352,1208,27955,16.267905,0.847930,50.041918,55.820280,98.006230,3.034421,13
84287600000,15,353,1267,28054,16.099211,0.682221,52.753964,54.391197,137.339078,2.524079,14
84494760000,15,354,1255,28079,15.750050,0.743141,67.394473,62.602881,18.164474,2.455038,15
84702120000,17,355,1236,28117,15.400567,0.708575,65.858127,56.330391,131.766935,2.944604,14
84909310000,3,356,1327,28275,21.020169,0.950792,81.057020,49.259464,12.946107,1.117565,29
85116700000,19,357,1365,28348,16.113600,0.834986,77.673374,60.136033,218.508177,2.244179,14
85427750000,7,358,1152,28366,15.337660,0.881238,46.371549,44.710404,97.992583,2.801767,27
85635010000,7,359,972,28252,14.968652,0.890649,44.043126,41.836615,118.420183,2.235953,28
85842510000,8,360,999,28328,18.638829,0.857471,60.380622,50.161426,94.679574,2.145817,28
86049580000,1,361,1041,28644,15.808547,0.774734,93.677483,34.192179,0.000000,0.000000,0
86153190000,2,362,1155,28596,20.839707,1.233891,85.418094,45.306347,10.713137,0.967543,36
86360510000,4,363,1297,29152,14.110608,0.407303,144.766165,0.000233,0.000000,0.000000,0
86464180000,4,364,1524,29000,14.753623,0.563536,109.803202,53.979840,16.101316,3.022142,36
86671550000,13,365,1434,29033,14.300247,1.142533,117.095210,72.211138,22.801793,2.748134,28
86878890000,10,366,1522,29040,14.656705,0.789873,100.683523,69.827329,28.560413,2.726277,32
87086250000,14,367,1566,29176,15.091489,0.842512,92.667281,82.049734,217.449712,2.358088,29
87397220000,13,368,1407,29302,15.155787,1.051622,70.865984,82.141013,213.885866,3.006549,31
87708320000,11,369,1309,29462,19.732466,1.181954,62.622811,85.439766,119.159987,19.962385,33
88019280000,11,370,1464,29495,15.715894,1.149138,38.943400,75.338484,140.383682,5.111460,34
88330460000,14,371,1505,29602,15.214542,1.013109,66.807638,74.512355,251.560418,2.779057,33
88641400000,13,372,1467,29685,14.687087,0.867577,65.371279,85.191976,184.351670,3.094749,35
88952550000,13,373,1297,29660,14.531810,0.904030,61.191000,58.100618,99.490514,2.605143,36
89159790000,2,374,978,29785,13.306933,0.781332,96.045381,0.000122,0.000000,0.000000,0
89263540000,2,375,1163,30026,13.474678,0.552203,124.939323,0.000276,0.000000,0.000000,0
89367140000,2,376,1251,30050,14.224076,0.800910,110.372375,19.055156,0.000000,0.000000,0
89470880000,3,377,1323,30467,12.956689,0.586551,140.711253,0.000140,0.000000,0.000000,0
89574490000,6,378,1322,30181,13.257431,0.574771,58.371243,27.661728,0.000000,0.000000,0
89678230000,3,379,1114,30442,13.613884,0.445501,117.428827,0.000135,0.000000,0.000000,0
89781980000,6,380,1107,30673,13.889415,0.439659,93.650916,0.000131,0.000000,0.000000,0
89885590000,3,381,1146,30894,13.412329,0.501241,109.868952,0.000120,0.000000,0.000000,0
89989350000,2,382,1148,31141,13.110971,0.450880,102.354480,0.000110,0.000000,0.000000,0
90092950000,2,383,1366,31540,13.911493,0.766346,149.261202,0.000216,0.000000,0.000000,0
90196710000,3,384,1313,31785,13.020803,0.676304,97.203215,0.000112,0.000000,0.000000,0
90300450000,3,385,1487,31428,13.573577,0.677691,136.747217,33.911071,15.697771,0.865701,13
90507790000,13,386,1533,31271,13.426444,0.823767,131.279047,76.809508,0.000000,0.000000,0
91336840000,0,1,885,885,16.226354,0.087431,0.012397,5.731379,0.066068,0.002184,0
91440450000,1,2,1388,1216,1.704118,0.205734,23.978996,11.746838,0.092818,0.001194,0
91544070000,2,3,1208,1052,16.059461,0.673942,35.132836,16.306393,30.882262,0.182797,2
91751300000,3,4,1201,1243,14.817847,0.634935,34.252658,19.255790,39.647795,0.284551,2
91958670000,4,5,1188,1421,14.623381,0.615725,34.736771,21.844918,47.585990,0.384546,2
92165880000,5,6,1290,1564,14.728059,0.687519,37.126553,29.491440,62.929520,0.580348,2
92373110000,6,7,1226,1630,15.109589,0.744432,40.478896,27.965422,59.151492,0.679825,2
92580470000,7,8,1243,1741,14.450838,0.669634,39.930838,37.128014,81.066747,0.763307,2
92787830000,8,9,1154,1759,16.888009,1.222606,43.240443,25.132402,67.743532,0.853505,2
92994930000,9,10,1058,1766,13.819109,0.618373,30.358902,30.681447,51.712758,0.850603,2
93202160000,10,11,987,1764,13.605016,0.522138,27.812226,33.279716,52.100705,0.867398,2
93616750000,11,12,648,1500,13.099144,0.709410,34.309691,25.335503,65.444087,0.978525,2
93824120000,6,13,881,1780,13.591864,0.234768,31.630341,38.370444,47.165602,1.067733,6
94031550000,8,14,1010,1893,15.121193,0.674151,43.331207,33.970518,60.813010,1.198219,5
94238820000,2,15,925,1902,12.941740,0.504032,47.086083,29.323178,4.411542,0.570574,12
94342550000,8,16,992,1938,13.277113,0.482835,58.800273,36.689134,61.629215,1.427886,7
94549940000,9,17,1069,2098,12.851158,0.546368,44.279860,40.466366,67.770324,1.426061,7
94757290000,9,18,1138,2239,13.920962,0.562841,50.433554,47.544711,77.185137,2.009129,8
95068250000,10,19,1283,2456,17.690653,0.692465,44.946808,53.903128,80.146376,1.986196,8
95379210000,11,20,1348,2613,16.102829,1.244088,45.477775,55.473595,85.553146,2.095440,8
95690200000,9,21,1303,2649,14.217526,0.965152,35.426602,56.996382,137.614492,2.012465,11
95897420000,13,22,1220,2581,14.463809,0.796981,45.174589,51.251715,115.912225,1.965973,8
96104780000,13,23,1195,2632,13.930332,0.583696,54.020066,51.275565,119.502694,1.964310,9
96312000000,10,24,1204,2707,13.599130,0.638606,55.046013,49.569516,95.382711,2.006790,13
96519440000,15,25,1175,2733,13.722409,0.632153,66.346834,48.840599,97.512139,2.025784,9
96726610000,13,26,1097,2735,13.514714,0.571693,58.921540,46.789244,124.750476,1.942323,12
96933830000,12,27,1136,2829,14.207943,0.571575,66.030015,55.217809,99.743534,2.729453,14
97244690000,15,28,1201,2996,13.821119,0.784043,68.699028,58.192856,83.473050,2.508586,12
97555020000,14,29,1179,3015,14.002532,0.732860,64.880143,52.644226,109.033509,2.723101,14
97865260000,17,30,1092,3003,13.907189,0.867799,56.833926,53.903331,117.201435,2.672007,12
98175320000,16,31,1140,3119,14.628200,0.780197,54.253308,55.752378,82.153373,2.807005,14
98485690000,13,32,1237,3266,14.742605,0.645397,43.439230,67.946884,100.678976,3.023424,18
98796150000,9,33,1225,3357,14.571252,0.643717,38.702829,57.847112,81.824515,1.839891,23
99107000000,5,34,1113,3373,13.720166,0.684937,26.362447,47.477914,44.312771,1.355974,28
99314240000,7,35,1004,3367,13.729750,0.512539,49.499047,43.425149,56.763154,1.622363,27
99521710000,6,36,1088,3494,14.036170,0.483965,49.104397,47.355899,136.564044,1.573776,29
99729530000,6,37,1162,3627,13.900839,0.500696,59.554300,44.262650,108.188779,1.346362,30
99937560000,6,38,1060,3624,13.781913,0.835725,48.446224,31.223875,121.597987,1.131654,31
100145800000,6,39,1012,3635,13.502380,0.518163,45.481036,29.144733,61.301229,1.136955,18
100353900000,6,40,1098,3772,13.892898,0.507209,55.119937,38.107722,61.958783,1.206171,13
100561800000,7,41,1146,3894,14.183229,0.597067,61.142624,38.469235,127.923603,1.469256,13
100769500000,8,42,1066,3915,14.336676,0.835798,63.020773,39.125940,107.180750,1.554659,13
100977200000,9,43,1055,3982,14.346536,0.597809,61.645883,38.245635,81.663967,1.379072,13
101288400000,10,44,1053,4083,17.419891,0.599383,45.912844,33.042928,96.555394,1.440652,13
101599500000,11,45,1004,4114,13.501453,0.607740,45.647781,30.874794,62.756469,1.458987,13
101806900000,11,46,975,4123,13.413166,0.511742,45.238662,41.878576,64.932622,1.703449,13
102014400000,12,47,1012,4205,16.381002,0.735008,43.750290,36.687579,135.188072,1.362202,13
102221800000,12,48,939,4472,14.308876,0.818099,46.525307,32.919611,0.000000,0.000000,0
102325600000,2,49,835,4343,13.228465,0.458364,42.547751,25.795139,5.107592,0.473576,13
102429300000,2,50,829,4353,13.278660,0.368073,42.998083,26.330020,4.660624,0.523718,14
102532900000,13,51,740,4326,12.606555,0.255971,52.993927,39.207758,13.852304,2.158364,11
102636700000,3,52,745,4468,12.888316,0.289691,58.273980,26.991875,6.035414,0.759435,15
102740300000,3,53,796,4630,14.879120,0.439173,57.109813,26.369131,6.398814,0.886383,16
102844100000,14,54,885,4650,13.665816,0.538224,63.613727,46.258817,129.278133,2.319239,9
103051300000,13,55,1002,4840,13.662438,0.574832,53.222787,52.112261,112.386553,2.426333,11
103258700000,18,56,1084,4960,13.463468,0.580632,56.269700,51.807350,120.830753,2.483720,8
103466500000,17,57,1109,5024,14.004161,0.647075,54.883049,52.579203,129.969679,2.506748,9
103673300000,18,58,1124,5108,14.010347,0.609763,49.802927,55.343044,120.960090,2.093454,9
103880500000,13,59,1088,5173,13.517982,0.678988,45.114402,50.180537,101.079925,2.199682,13
104087700000,8,60,935,5433,13.083931,0.688505,45.859991,41.270320,13.159774,2.165509,18
104191300000,8,61,1027,5265,13.391506,0.583295,56.787097,53.462151,136.498751,2.261727,19
104398600000,6,62,1173,5438,13.821629,0.585364,48.954284,54.914128,129.752557,2.267671,22
104606000000,7,63,1183,5560,13.649110,0.674579,55.323403,58.679678,120.395560,2.555060,22
104813200000,5,64,1145,5600,13.436874,0.728635,45.100670,50.954149,144.803605,1.720413,25
105020600000,6,65,1109,5735,13.232233,0.640010,33.907170,52.214294,126.653125,1.880703,25
105227800000,5,66,1056,5756,13.501008,0.567758,12.458865,50.940464,55.536427,1.062562,27
105435200000,4,67,968,5705,12.867922,0.740369,28.319701,33.816119,41.875109,1.000083,28
105642600000,6,68,996,5786,13.119854,0.585206,48.249121,46.367308,58.680906,3.223660,28
105849900000,3,69,898,5844,13.336968,0.649888,46.691267,34.670319,6.525906,1.325516,28
105953500000,8,70,902,5785,13.022620,0.437031,54.380026,41.695527,120.146477,2.060916,28
106160900000,7,71,867,5890,12.893366,0.491879,37.120030,38.758113,62.116330,2.897737,26
106368200000,9,72,896,5988,13.314969,0.613150,39.281524,48.202634,54.399875,2.549145,29
106575600000,3,73,871,6076,12.941574,0.408686,37.379092,37.688326,6.813948,1.135308,26
106679300000,9,74,888,6073,13.986401,0.595950,53.473721,48.722655,141.321723,1.799209,27
106886500000,8,75,1053,6311,14.001428,0.655050,43.319582,53.300703,73.164591,1.487714,29
107197500000,7,76,1165,6510,13.458499,0.773171,36.201921,53.979464,65.297019,1.542250,31
107404900000,9,77,1086,6529,13.390063,0.658789,34.193858,49.494312,74.590769,4.715924,30
107612200000,9,78,1112,6589,13.196971,0.788506,41.553662,47.480544,55.755008,1.826817,31
107819600000,8,79,1120,6688,13.290130,0.689623,35.508335,47.204002,68.963362,4.866395,26
108027100000,9,80,1036,6671,12.988416,0.749222,44.628813,41.289208,55.887177,1.871815,26
108234600000,8,81,1005,6698,13.248807,0.824094,55.805678,45.777679,127.158576,2.183545,16
108441900000,8,82,1095,6830,13.184444,0.508780,49.791462,51.140883,127.279491,2.039712,17
108649300000,9,83,1131,6928,13.452909,0.565734,52.965832,53.560604,104.771301,2.252810,17
108857100000,9,84,1057,6943,19.425673,0.568614,41.489905,42.820235,107.124964,2.315024,18
109064600000,7,85,926,6943,17.782847,0.596645,40.109657,39.024326,57.635988,5.142732,18
109271400000,6,86,855,6946,16.090490,0.400384,31.277025,43.092137,38.809889,1.820260,20
109478900000,2,87,741,6980,30.956768,0.571274,41.326783,30.847093,5.572290,0.647216,24
109582100000,3,88,728,7073,23.959005,0.361465,47.157428,26.812831,5.124103,0.659716,24
109685700000,5,89,765,7228,21.321331,0.274417,52.370062,36.367204,0.000000,0.000000,0
109789400000,3,90,711,7200,19.310113,0.306727,45.232878,28.772610,6.232951,0.445577,23
109893000000,7,91,794,7474,18.493664,0.251223,62.559942,39.108980,0.000000,0.000000,0
109996800000,2,92,756,7510,18.574536,0.340902,35.586794,24.345012,6.565296,0.614512,23
110100400000,2,93,708,7446,18.607703,0.235518,44.782484,27.363593,6.177486,1.042917,24
110204300000,3,94,695,7506,17.963288,0.213932,52.379178,28.860605,9.903535,0.729820,24
110307900000,10,95,686,7533,16.870909,0.468446,56.961466,53.893091,138.340021,2.916291,24
110515400000,9,96,811,7760,16.074898,0.417350,45.120162,40.710851,104.462064,1.709691,23
110723200000,2,97,796,7932,16.578641,0.452140,20.855772,29.290502,6.981623,0.580458,18
110827000000,2,98,785,7968,15.846063,0.342233,37.574600,39.564450,5.851287,0.969075,19
110930400000,3,99,811,8079,17.527489,0.572290,46.383425,29.644711,5.625962,0.900937,19
111034300000,4,100,755,7937,14.929682,0.362020,41.562577,29.447785,5.133256,1.772787,19
111138000000,4,101,678,7987,14.740007,0.302734,48.360554,24.830827,5.147680,0.484571,15
111241600000,5,102,663,8056,14.312624,0.252565,61.078193,25.358035,6.741576,0.691395,15
111345300000,6,103,720,8399,16.458018,0.239754,70.193358,39.943800,8.348176,1.598634,15
111449000000,5,104,781,8541,20.273759,0.278613,75.335147,28.245329,0.000000,0.000000,0
111552700000,8,105,796,8389,18.687375,0.389657,50.197483,38.539123,101.687427,1.857055,19
111760100000,3,106,726,8577,17.124359,0.433051,24.142259,29.590841,6.570405,1.030692,17
111863700000,10,107,820,8588,16.457390,0.346971,32.701061,35.268435,77.957516,1.055321,19
112070900000,11,108,911,8717,15.844959,0.388667,29.605137,35.477091,64.081401,2.978602,19
112278300000,12,109,852,8776,28.782705,0.581419,29.420334,42.016316,67.240205,2.180564,19
112485500000,8,110,990,8932,24.761826,0.489405,30.807589,48.495933,132.251761,1.902835,17
112692800000,10,111,1026,9005,22.129395,0.462533,32.966771,44.059870,127.735481,2.502528,16
112900000000,2,112,898,9205,25.248497,1.045645,59.353298,29.058671,0.000000,0.000000,0
113003600000,2,113,861,9231,20.900137,0.654532,69.633348,32.530132,0.000000,0.000000,0
113107300000,3,114,975,9363,19.339137,0.491149,82.621753,34.433241,0.000000,0.000000,0
113211000000,4,115,1005,9514,18.524446,0.429021,103.398537,32.538379,0.000000,0.000000,0
113314700000,4,116,963,9740,17.384148,0.553164,90.751838,0.000130,0.000000,0.000000,0
113418300000,13,117,1096,9450,17.724963,0.393656,65.678801,34.509560,109.550505,2.219438,19
113625700000,12,118,938,9479,16.648264,0.629104,55.438476,42.484882,112.739722,2.054827,21
113832800000,13,119,896,9563,15.988967,0.645634,36.573875,46.841045,131.867717,2.052373,21
114040000000,14,120,1045,9719,16.126540,0.444733,54.740600,57.393140,115.695086,2.035247,21
114247300000,15,121,1109,9858,15.601281,0.556707,46.960690,51.542584,110.538035,2.051030,21
114454300000,16,122,1136,9940,15.783101,0.616793,57.181305,56.943043,100.969674,2.281515,21
114661600000,16,123,1122,9935,15.509157,0.595409,70.317824,50.766365,20.319367,2.422060,22
114868800000,17,124,1179,10013,15.249652,0.655453,92.873188,56.255453,28.502785,2.362792,22
115076000000,18,125,1327,10202,19.160005,0.656473,95.411926,67.911651,211.251539,2.796102,22
115386800000,18,126,1323,10334,18.968939,1.076216,92.485862,70.385841,156.282712,3.964474,23
115800800000,19,127,1290,10280,16.559910,1.225333,85.074592,68.237264,125.905415,13.778089,23
116111200000,19,128,1502,10569,17.790706,0.704138,84.510148,86.007349,168.317674,4.072058,24
116524700000,14,129,1260,10437,16.242729,1.202212,83.168091,70.198629,154.961922,3.347430,30
116938700000,14,130,1234,10531,16.272196,1.064748,80.897201,66.767715,108.738274,4.236253,31
117249500000,13,131,1394,10736,16.216858,0.675621,59.099372,59.322945,133.135596,4.084529,33
117560200000,10,132,1222,10680,16.289097,0.986822,62.827113,45.923930,80.019884,4.163721,37
117871000000,7,133,1143,10731,15.538390,0.816931,61.895301,42.245151,90.744559,2.355109,41
118182100000,6,134,1207,10873,14.826016,0.845210,65.745375,43.740376,191.686617,4.149374,38
118389600000,6,135,1208,10924,17.291595,1.139964,64.501275,53.664219,104.433628,1.609674,33
118701300000,5,136,1234,11024,14.557782,0.696375,47.622186,35.370430,65.824671,1.222968,20
118909400000,6,137,1322,11149,15.823342,0.727188,72.520650,47.937514,79.872175,1.239292,20
119221300000,7,138,1429,11344,14.588188,0.667145,58.926034,41.752722,94.915834,1.528131,20
119532900000,7,139,1267,11347,18.193983,0.888155,54.985073,30.632791,89.110648,1.325286,18
119844100000,8,140,1259,11422,14.347379,0.990108,35.796101,40.658630,83.663004,1.151066,18
120051500000,9,141,1309,11510,14.600856,0.722773,48.060552,36.525019,98.622057,1.421708,18
120362400000,10,142,1267,11577,16.767721,0.677809,35.321566,38.919638,69.565143,1.710043,18
120569700000,10,143,1189,11583,14.644619,0.736510,36.977832,43.277064,155.283511,1.718983,16
120777000000,11,144,1152,11617,14.051872,0.678568,41.799518,36.904786,140.578486,1.856489,16
120984400000,12,145,1110,11643,14.157303,0.574330,44.188612,36.569083,143.735351,2.133490,16
121191600000,12,146,1174,11790,17.049190,0.920398,52.568305,43.529562,124.492508,2.060945,17
121398800000,14,147,1247,11927,14.977171,0.650169,51.177792,46.069008,110.371186,2.072985,16
121709800000,11,148,1178,11965,14.064491,0.998097,26.840238,51.646900,67.707523,2.420182,8
121917200000,12,149,1111,11976,14.626712,0.832375,34.945545,52.895857,149.977697,2.018323,8
122124500000,8,150,1023,11959,14.454764,0.621391,33.143962,41.032231,134.382888,2.134654,12
122332000000,10,151,964,12004,14.023152,0.645824,40.730397,44.041137,130.341255,2.251060,11
122539300000,12,152,1036,12126,13.883570,0.440744,38.909395,45.369891,131.109130,2.206756,10
122746800000,9,153,1071,12216,14.378633,0.493242,35.865563,46.687080,121.940047,2.365207,14
122954200000,8,154,1047,12269,14.089614,0.506919,42.711794,47.582195,135.175187,2.415087,16
123161600000,8,155,1033,12319,14.281587,0.580715,46.337587,46.961988,116.736459,2.261550,17
123368800000,9,156,1030,12401,17.946510,0.508762,46.912577,46.098051,105.848352,2.293567,17
123576200000,8,157,999,12460,19.496123,0.545884,38.938323,44.345069,111.639271,2.186071,19
123783400000,2,158,924,12708,17.159351,0.517952,54.096442,28.270826,0.000000,0.000000,0
123887000000,2,159,875,12674,17.449186,0.630225,63.228574,33.049989,0.000000,0.000000,0
123990700000,2,160,885,12792,16.058182,0.451206,66.179554,29.197830,0.000000,0.000000,0
124094500000,11,161,921,12598,16.562800,0.437494,56.411803,42.748219,122.079608,2.715310,18
124301800000,12,162,994,12757,16.028508,0.789181,66.098782,59.314697,19.223847,2.788434,18
124509200000,14,163,1117,12920,15.914192,0.579384,72.697769,63.382470,96.460395,2.320861,19
124716500000,14,164,1103,12983,15.839102,0.612297,77.568097,66.694157,15.884545,2.641015,20
124923900000,16,165,1103,13011,15.765815,0.658853,84.832398,59.618758,220.184863,3.057332,19
125234900000,15,166,969,13107,36.505410,1.150689,62.999161,66.974740,14.832655,2.709109,19
125442100000,12,167,1191,13259,28.874538,0.538920,56.256018,55.692523,113.176054,4.338183,23
125753000000,14,168,1291,13384,28.763592,0.856322,75.537237,73.138472,220.328341,2.524336,22
126063800000,15,169,1272,13464,21.785529,0.824363,60.869740,58.658057,253.904580,2.432411,22
126374400000,16,170,1364,13522,20.623527,0.886186,43.127124,61.136892,132.772988,19.367102,22
126685100000,15,171,1355,13635,22.230544,0.816927,64.337122,65.787878,98.998535,4.662183,24
126995700000,15,172,1414,13761,19.735402,0.985452,53.195824,64.721320,132.082280,4.063357,25
127306200000,15,173,1462,13941,18.963940,0.925083,69.543674,65.161539,138.220245,22.619824,26
127616800000,11,174,1383,13987,17.745974,1.019995,84.052049,56.854563,98.250506,3.545734,31
127927500000,9,175,1250,13963,16.945653,0.963934,107.011413,61.539958,99.555588,3.313373,34
128238600000,7,176,1229,13991,16.286480,0.850427,115.287743,72.352821,17.226988,3.354494,36
128445900000,5,177,1204,14003,21.003809,0.920124,116.968505,48.552283,13.245159,3.251393,32
128653300000,6,178,1219,14105,15.835669,0.752226,81.079939,38.098307,110.129330,2.426123,32
128860800000,6,179,1150,14165,15.597165,0.705444,58.938318,34.050301,82.274778,1.003576,32
129172100000,8,180,1167,14207,15.739892,0.760612,81.806947,45.922668,75.603246,1.792963,32
129484000000,9,181,1285,14360,16.126398,0.658755,85.389803,49.030311,102.677525,2.219452,32
129796000000,10,182,1291,14421,16.427812,0.935096,73.595519,53.816682,107.287316,2.193514,32
130108000000,11,183,1285,14532,17.127658,0.877097,69.678021,58.839137,119.615887,3.245797,32
130420800000,11,184,1318,14644,19.699929,1.105161,83.712094,74.405301,147.312632,2.922646,32
130836500000,12,185,1206,14598,15.740675,1.187487,81.924050,66.162459,122.605703,12.960325,32
131148800000,14,186,1463,14860,19.910493,0.535395,70.114152,67.967789,144.641618,13.148566,32
131460800000,14,187,1340,14860,16.873402,0.934814,68.879982,63.956268,98.186812,3.955103,32
131772200000,15,188,1220,14867,15.920021,0.781400,75.926738,57.697001,143.556681,13.709847,32
132082800000,12,189,1116,14877,15.383272,0.788144,82.969907,54.657048,82.276456,3.637889,20
132393600000,10,190,1105,14959,15.142748,0.718449,74.653687,52.962488,82.729865,3.727057,14
132704200000,6,191,1096,15002,14.655144,0.750695,63.630938,46.623980,113.293069,4.121619,19
132911000000,7,192,1057,15031,14.797485,0.550775,71.982211,49.280573,86.378147,3.635992,19
133117900000,8,193,1143,15145,15.172853,0.513144,82.664246,65.665876,14.945931,3.995574,19
133325000000,9,194,1182,15254,14.573476,0.566644,71.321915,53.459420,119.714977,3.576237,19
133532000000,9,195,1165,15299,14.588460,0.612701,77.303240,69.318700,15.509647,4.135616,24
133738900000,9,196,1118,15369,14.447396,0.767949,73.195631,57.169855,129.440494,3.771865,24
133946100000,10,197,1167,15513,14.897536,0.622574,55.831880,59.513652,112.751287,3.097712,24
134257000000,10,198,1225,15652,14.190845,0.832241,60.848082,67.827530,83.740855,1.966252,25
134568000000,11,199,1294,15806,14.165242,0.868340,62.796401,67.764483,84.565462,1.819443,25
134879000000,12,200,1302,15869,13.922218,0.823375,58.534117,56.202585,120.069917,2.093104,25
135189900000,13,201,1216,15849,13.746139,0.972398,42.287612,50.857720,160.388096,2.276871,25
135397200000,13,202,1296,15944,14.193395,0.723392,63.278917,53.194564,136.210432,2.624441,25
135604400000,14,203,1381,16076,14.503539,0.682662,60.840695,58.218095,217.585116,2.528506,25
135915400000,15,204,1276,16117,14.198526,0.799647,58.922191,47.730867,113.309191,2.299682,25
136226500000,16,205,1224,16148,13.884949,0.969287,52.375228,52.437635,145.838860,2.582070,25
136433700000,16,206,1246,16243,14.383797,0.662355,50.875203,53.846385,109.038575,2.568858,26
136641100000,11,207,1185,16277,14.197481,0.668699,51.666049,50.972430,115.615239,3.256219,28
136848400000,16,208,1105,16287,23.970382,1.436902,47.514203,49.334913,24.579848,3.166849,24
137055800000,19,209,1108,16399,16.087336,0.922371,48.861702,51.256807,138.325137,2.640663,26
137263200000,11,210,1077,16447,14.291774,1.024266,48.469170,49.410619,99.986825,2.576910,14
137470600000,10,211,986,16421,13.978911,0.702042,45.884597,46.952033,138.452335,2.358613,15
137678000000,11,212,1156,16589,13.978048,0.598879,50.580946,57.285505,133.030203,2.633084,15
137885300000,12,213,1201,16681,14.599317,0.639367,51.879072,58.418535,110.442171,2.457859,15
138092700000,12,214,1164,16687,14.114935,0.723153,57.263365,57.861422,96.341292,2.449511,16
138299900000,13,215,1137,16756,13.941770,0.587647,57.303607,59.989688,86.587016,2.425226,16
138507100000,10,216,1075,16790,13.784218,0.548154,49.936517,48.521839,111.266667,2.505624,19
138714400000,8,217,1000,16802,13.479595,0.590830,47.563695,43.134872,121.214427,2.433209,21
138921600000,9,218,892,16815,13.591214,0.650175,42.618056,42.126963,135.409136,2.419503,21
139128800000,9,219,1004,16949,14.369760,0.566356,33.006917,50.103472,74.057997,3.416358,22
139439900000,13,220,1299,17169,14.288095,0.688856,47.460859,63.822930,116.351528,4.050530,20
139750900000,15,221,1382,17318,14.079498,0.724481,58.857589,59.850664,137.810829,4.614094,19
140061900000,19,222,1403,17436,13.905773,0.939157,52.820324,65.457306,125.143790,4.195346,17
140372700000,16,223,1328,17473,13.478743,0.800185,58.456388,55.290137,142.595160,2.290894,20
140579900000,15,224,1167,17382,13.766794,0.800064,49.504160,53.360407,105.011784,2.402878,21
140787500000,16,225,1157,17419,13.778994,0.631067,61.524711,56.602005,93.280219,2.259644,21
140994700000,15,226,1056,17398,13.646082,0.656391,65.529995,48.516031,83.135329,1.508090,23
141202000000,3,227,1005,17480,13.427746,0.497036,121.009411,0.000213,0.000000,0.000000,0
141305500000,14,228,1275,17252,14.097423,0.597108,77.498211,61.783570,93.072542,1.522350,26
141513000000,16,229,1356,17357,13.709806,0.661999,102.490012,69.928728,17.215201,1.884046,25
141720100000,18,230,1290,17369,13.794035,0.875876,95.800510,63.043992,26.710957,2.093520,24
141927400000,17,231,1263,17412,13.824686,0.684418,102.999550,59.398742,29.094282,2.260380,26
142134700000,18,232,1257,17475,14.183984,0.897145,106.130942,73.914558,22.981144,2.201284,26
142342200000,21,233,1294,17591,14.393544,0.737077,113.335492,73.803850,186.748347,1.981692,24
142653300000,21,234,1312,17698,15.037329,0.853698,125.787940,78.136206,152.928596,2.174525,25
142964300000,22,235,1314,17781,15.294650,0.823746,117.942672,83.837537,254.171159,2.169047,25
143379100000,21,236,1164,17776,15.412800,1.300605,105.558895,90.099676,195.151746,5.235892,27
143897300000,23,237,1171,17714,14.165063,1.402184,97.269130,98.233078,186.871666,39.622925,26
144312000000,25,238,1194,17833,19.413000,1.207243,115.012316,126.499575,219.039004,12.299547,25
144830300000,25,239,1045,17747,16.719630,1.391229,124.446446,100.822422,164.821372,53.478818,26
145245300000,23,240,1072,17872,16.546074,0.787949,109.362164,94.176592,147.848294,6.451932,29
145660600000,18,241,945,17891,20.078059,1.127077,82.637046,57.654854,142.052783,45.193335,35
145972000000,17,242,1093,18129,17.449159,0.678059,71.232186,55.363055,132.072522,4.001721,37
146283300000,17,243,1094,18209,15.667437,0.739942,72.541989,46.919801,123.319677,3.564187,38
146594500000,18,244,1050,18245,14.622530,0.919183,83.164169,38.452622,125.785688,3.546255,38
146905400000,17,245,1009,18223,14.943042,0.706982,80.450330,36.537959,120.107533,3.282286,40
147216000000,9,246,1040,18301,16.179480,0.595426,63.553522,34.968012,144.411909,4.567669,49
147422800000,7,247,1169,18454,17.938553,0.806786,84.650482,53.359879,14.523752,2.352868,52
147629700000,7,248,1219,18554,14.451418,0.596742,59.587793,39.684606,90.377423,1.550437,52
147939900000,7,249,1186,18634,13.980229,0.663119,62.550765,41.941019,85.195050,1.487931,23
148250200000,8,250,1084,18675,16.745889