1661868173547958016
1661868173589958912
1661868173628959744
1661868173676960768
1661868173715961600
1661868173760962560
1661868173802963456
1661868173844964352
1661868173886965248
1661868173931966208
1661868173973967104
1661868174021968128
1661868174063969024
1661868174105969920
1661868174147970816
1661868174183971584
1661868174225972480
1661868174264973312
1661868174306974208
1661868174354975232
1661868174399976192
1661868174441977088
1661868174483977984
1661868174525978880
1661868174564979712
1661868174603980544
1661868174645981440
1661868174693982464
1661868174735983360
1661868174780984320
1661868174828985344
1661868174870986240
1661868174912987136
1661868174960988160
1661868175002989056
1661868175044989952
1661868175086990848
1661868175128991744
1661868175170992640
1661868175209993472
1661868175251994368
1661868175302995456
1661868175341996288
1661868175383997184
1661868175425998080
1661868175470999040
1661868175509999872
1661868175549000704
1661868175591001600
1661868175639002624
1661868175681003520
1661868175723004416
1661868175765005312
1661868175810006272
1661868175849007104
1661868175897008128
1661868175939009024
1661868175981009920
1661868176029010944
1661868176071011840
1661868176113012736
1661868176152013568
1661868176197014528
1661868176242015488
1661868176284016384
1661868176323017216
1661868176368018176
1661868176410019072
1661868176452019968
1661868176497020928
1661868176536021760
1661868176578022656
1661868176617023488
1661868176659024384
1661868176701025280
1661868176743026176
1661868176785027072
1661868176824027904
1661868176869028864
1661868176914029824
1661868176953030656
1661868176992031488
1661868177034032384
1661868177076033280
1661868177118034176
1661868177163035136
1661868177208036096
1661868177244036864
1661868177283037696
1661868177325038592
1661868177367039488
1661868177409040384
1661868177451041280
1661868177493042176
1661868177535043072
1661868177580044032
1661868177625044992
1661868177670045952
1661868177712046848
1661868177748047616
1661868177793048576
1661868177838049536
1661868177877050368
1661868177916051200
1661868177958052096
1661868178003053056
1661868178048054016
1661868178090054912
1661868178132055808
1661868178171056640
1661868178207057408
1661868178249058304
1661868178297059328
1661868178339060224
1661868178384061184
1661868178426062080
1661868178468062976
1661868178510063872
1661868178546064640
1661868178588065536
1661868178630066432
1661868178669067264
1661868178711068160
1661868178759069184
1661868178804070144
1661868178846071040
1661868178888071936
1661868178930072832
1661868178972073728
1661868179014074624
1661868179059075584
1661868179107076608
1661868179152077568
1661868179191078400
1661868179233079296
1661868179278080256
1661868179320081152
1661868179362082048
1661868179407083008
1661868179452083968
1661868179494084864
1661868179539085824
1661868179581086720
1661868179623087616
1661868179665088512
1661868179713089536
1661868179758090496
1661868179803091456
1661868179845092352
1661868179887093248
1661868179926094080
1661868179968094976
1661868180010095872
1661868180049096704
1661868180088097536
1661868180130098432
1661868180175099392
1661868180217100288
1661868180256101120
1661868180298102016
1661868180340102912
1661868180385103872
1661868180427104768
1661868180466105600
1661868180508106496
1661868180550107392
1661868180589108224
1661868180628109056
1661868180670109952
1661868180715110912
1661868180760111872
1661868180802112768
1661868180844113664
1661868180886114560
1661868180922115328
1661868180967116288
1661868181009117184
1661868181051118080
1661868181090118912
1661868181132119808
1661868181174120704
1661868181216121600
1661868181258122496
1661868181303123456
1661868181348124416
1661868181387125248
1661868181432126208
1661868181474127104
1661868181516128000
1661868181558128896
1661868181597129728
1661868181636130560
1661868181678131456
1661868181720132352
1661868181762133248
1661868181804134144
1661868181846135040
1661868181885135872
1661868181927136768
1661868181966137600
1661868182008138496
1661868182050139392
1661868182095140352
1661868182140141312
1661868182182142208
1661868182221143040
1661868182263143936
1661868182302144768
1661868182344145664
1661868182386146560
1661868182428147456
1661868182464148224
1661868182506149120
1661868182551150080
1661868182590150912
1661868182635151872
1661868182677152768
1661868182716153600
1661868182758154496
1661868182800155392
1661868182839156224
1661868182884157184
1661868182926158080
1661868182971159040
1661868183010159872
1661868183049160704
1661868183091161600
1661868183130162432
1661868183172163328
1661868183214164224
1661868183256165120
1661868183298166016
1661868183340166912
1661868183382167808
1661868183427168768
1661868183469169664
1661868183511170560
1661868183550171392
1661868183595172352
1661868183637173248
1661868183679174144
1661868183718174976
1661868183769176064
1661868183811176960
1661868183850177792
1661868183892178688
1661868183931179520
1661868183973180416
1661868184018181376
1661868184060182272
1661868184102183168
1661868184147184128
1661868184192185088
1661868184240186112
1661868184282187008
1661868184324187904
1661868184366188800
1661868184411189760
1661868184447190528
1661868184486191360
1661868184528192256
1661868184573193216
1661868184618194176
1661868184660195072
1661868184705196032
1661868184747196928
1661868184786197760
1661868184831198720
1661868184873199616
1661868184921200640
1661868184960201472
1661868185005202432
1661868185047203328
1661868185086204160
1661868185125204992
1661868185170205952
1661868185215206912
1661868185257207808
1661868185299208704
1661868185341209600
1661868185383210496
1661868185422211328
1661868185464212224
1661868185506213120
1661868185545213952
1661868185590214912
1661868185632215808
1661868185671216640
1661868185707217408
1661868185752218368
1661868185794219264
1661868185839220224
1661868185875220992
1661868185914221824
1661868185962222848
1661868186004223744
1661868186046224640
1661868186091225600
1661868186130226432
1661868186175227392
1661868186220228352
1661868186262229248
1661868186307230208
1661868186349231104
1661868186391232000
1661868186433232896
1661868186478233856
1661868186520234752
1661868186562235648
1661868186601236480
1661868186643237376
1661868186679238144
1661868186718238976
1661868186760239872
1661868186805240832
1661868186844241664
1661868186883242496
1661868186925243392
1661868186964244224
1661868187006245120
1661868187048246016
1661868187090246912
1661868187129247744
1661868187174248704
1661868187216249600
1661868187255250432
1661868187297251328
1661868187339252224
1661868187381253120
1661868187423254016
1661868187465254912
1661868187507255808
1661868187549256704
1661868187597257728
1661868187639258624
1661868187681259520
1661868187726260480
1661868187768261376
1661868187807262208
1661868187846263040
1661868187888263936
1661868187930264832
1661868187978265856
1661868188020266752
1661868188062267648
1661868188101268480
1661868188143269376
1661868188185270272
1661868188224271104
1661868188263271936
1661868188302272768
1661868188341273600
1661868188380274432
1661868188419275264
1661868188464276224
1661868188509277184
1661868188551278080
1661868188596279040
1661868188641280000
1661868188686280960
1661868188728281856
1661868188776282880
1661868188824283904
1661868188869284864
1661868188911285760
1661868188950286592
1661868188992287488
1661868189034288384
1661868189079289344
1661868189121290240
1661868189163291136
1661868189205292032
1661868189247292928
1661868189292293888
1661868189328294656
1661868189370295552
1661868189412296448
1661868189457297408
1661868189502298368
1661868189541299200
1661868189580300032
1661868189616300800
1661868189661301760
1661868189703302656
1661868189742303488
1661868189784304384
1661868189832305408
1661868189871306240
1661868189913307136
1661868189949307904
1661868189988308736
1661868190030309632
1661868190072310528
1661868190114311424
1661868190156312320
1661868190195313152
1661868190237314048
1661868190276314880
1661868190321315840
1661868190363316736
1661868190405317632
1661868190441318400
1661868190486319360
1661868190528320256
1661868190570321152
1661868190609321984
1661868190654322944
1661868190699323904
1661868190741324800
1661868190780325632
1661868190822326528
1661868190864327424
1661868190906328320
1661868190945329152
1661868190990330112
1661868191041331200
1661868191086332160
1661868191128333056
1661868191170333952
1661868191212334848
1661868191254335744
1661868191296336640
1661868191338337536
1661868191377338368
1661868191425339392
1661868191464340224
1661868191509341184
1661868191554342144
1661868191596343040
1661868191638343936
1661868191683344896
1661868191722345728
1661868191776346880
1661868191818347776
1661868191857348608
1661868191902349568
1661868191941350400
1661868191983351296
1661868192028352256
1661868192070353152
1661868192112354048
1661868192151354880
1661868192193355776
1661868192235356672
1661868192277357568
1661868192319358464
1661868192361359360
1661868192400360192
1661868192442361088
1661868192484361984
1661868192526362880
1661868192568363776
1661868192613364736
1661868192655365632
1661868192700366592
1661868192739367424
1661868192781368320
1661868192823369216
1661868192862370048
1661868192907371008
1661868192946371840
1661868192988372736
1661868193027373568
1661868193066374400
1661868193105375232
1661868193147376128
1661868193192377088
1661868193234377984
1661868193276378880
1661868193318379776
1661868193354380544
1661868193396381440
1661868193441382400
1661868193489383424
1661868193531384320
1661868193570385152
1661868193609385984
1661868193651386880
1661868193693387776
1661868193735388672
1661868193789389824
1661868193828390656
1661868193870391552
1661868193909392384
1661868193951393280
1661868193993394176
1661868194038395136
1661868194074395904
1661868194119396864
1661868194161397760
1661868194203398656
1661868194245399552
1661868194287400448
1661868194329401344
1661868194371402240
1661868194413403136
1661868194455404032
1661868194497404928
1661868194539405824
1661868194581406720
1661868194620407552
1661868194662408448
1661868194707409408
1661868194752410368
1661868194791411200
1661868194830412032
1661868194869412864
1661868194914413824
1661868194956414720
1661868194998415616
1661868195040416512
1661868195079417344
1661868195121418240
1661868195163419136
1661868195205420032
1661868195244420864
1661868195286421760
1661868195331422720
1661868195376423680
1661868195418424576
1661868195460425472
1661868195508426496
1661868195550427392
1661868195592428288
1661868195640429312
1661868195682430208
1661868195724431104
1661868195769432064
1661868195811432960
1661868195853433856
1661868195895434752
1661868195931435520
1661868195973436416
1661868196015437312
1661868196060438272
1661868196102439168
1661868196147440128
1661868196195441152
1661868196237442048
1661868196285443072
1661868196330444032
1661868196375444992
1661868196414445824
1661868196453446656
1661868196495447552
1661868196537448448
1661868196579449344
1661868196624450304
1661868196666451200
1661868196711452160
1661868196747452928
1661868196789453824
1661868196831454720
1661868196873455616
1661868196921456640
1661868196969457664
1661868197020458752
1661868197059459584
1661868197098460416
1661868197140461312
1661868197182462208
1661868197221463040
1661868197263463936
1661868197302464768
1661868197344465664
1661868197386466560
1661868197428467456
1661868197470468352
1661868197509469184
1661868197554470144
1661868197593470976
1661868197635471872
1661868197677472768
1661868197716473600
1661868197758474496
1661868197800475392
1661868197848476416
1661868197890477312
1661868197932478208
1661868197971479040
1661868198010479872
1661868198052480768
1661868198100481792
1661868198139482624
1661868198181483520
1661868198220484352
1661868198262485248
1661868198304486144
1661868198349487104
1661868198394488064
1661868198439489024
1661868198481489920
1661868198523490816
1661868198559491584
1661868198604492544
1661868198646493440
1661868198685494272
1661868198730495232
1661868198775496192
1661868198817497088
1661868198862498048
1661868198904498944
1661868198946499840
1661868198988500736
1661868199030501632
1661868199072502528
1661868199114503424
1661868199156504320
1661868199198505216
1661868199243506176
1661868199285507072
1661868199333508096
1661868199375508992
1661868199420509952
1661868199462510848
1661868199504511744
1661868199546512640
1661868199588513536
1661868199630514432
1661868199672515328
1661868199714516224
1661868199753517056
1661868199795517952
1661868199834518784
1661868199876519680
1661868199915520512
1661868199954521344
1661868199996522240
1661868200038523136
1661868200080524032
1661868200119524864
1661868200158525696
1661868200200526592
1661868200242527488
1661868200284528384
1661868200329529344
1661868200365530112
1661868200410531072
1661868200452531968
1661868200491532800
1661868200533533696
1661868200572534528
1661868200614535424
1661868200662536448
1661868200710537472
1661868200755538432
1661868200797539328
1661868200836540160
1661868200872540928
1661868200914541824
1661868200956542720
1661868200998543616
1661868201037544448
1661868201076545280
1661868201118546176
1661868201154546944
1661868201193547776
1661868201235548672
1661868201280549632
1661868201319550464
1661868201364551424
1661868201406552320
1661868201451553280
1661868201493554176
1661868201532555008
1661868201574555904
1661868201616556800
1661868201658557696
1661868201700558592
1661868201739559424
1661868201778560256
1661868201820561152
1661868201862562048
1661868201913563136
1661868201955564032
1661868202000564992
1661868202042565888
1661868202084566784
1661868202129567744
1661868202168568576
1661868202210569472
1661868202252570368
1661868202288571136
1661868202330572032
1661868202372572928
1661868202414573824
1661868202462574848
1661868202504575744
1661868202546576640
1661868202588577536
1661868202630578432
1661868202675579392
1661868202717580288
1661868202756581120
1661868202801582080
1661868202846583040
1661868202885583872
1661868202927584768
1661868202972585728
1661868203011586560
1661868203056587520
1661868203101588480
1661868203140589312
1661868203182590208
1661868203230591232
1661868203272592128
1661868203314593024
1661868203359593984
1661868203401594880
1661868203443595776
1661868203485596672
1661868203527597568
1661868203569598464
1661868203611599360
1661868203653600256
1661868203695601152
1661868203737602048
1661868203779602944
1661868203824603904
1661868203863604736
1661868203905605632
1661868203947606528
1661868203989607424
1661868204034608384
1661868204079609344
1661868204121610240
1661868204163611136
1661868204205612032
1661868204247612928
1661868204289613824
1661868204328614656
1661868204367615488
1661868204400616192
1661868204442617088
1661868204490618112
1661868204532619008
1661868204574619904
1661868204616620800
1661868204658621696
1661868204697622528
1661868204733623296
1661868204775624192
1661868204820625152
1661868204856625920
1661868204898626816
1661868204943627776
1661868204988628736
1661868205033629696
1661868205075630592
1661868205114631424
1661868205156632320
1661868205204633344
1661868205249634304
1661868205288635136
1661868205330636032
1661868205372636928
1661868205414637824
1661868205456638720
1661868205498639616
1661868205537640448
1661868205579641344
1661868205621642240
1661868205654642944
1661868205696643840
1661868205738644736
1661868205789645824
1661868205828646656
1661868205870647552
1661868205915648512
1661868205960649472
1661868206002650368
1661868206044651264
1661868206083652096
1661868206125652992
1661868206170653952
1661868206212654848
1661868206254655744
1661868206299656704
1661868206341657600
1661868206380658432
1661868206422659328
1661868206467660288
1661868206509661184
1661868206548662016
1661868206590662912
1661868206638663936
1661868206677664768
1661868206722665728
1661868206767666688
1661868206809667584
1661868206851668480
1661868206890669312
1661868206932670208
1661868206971671040
1661868207013671936
1661868207055672832
1661868207097673728
1661868207139674624
1661868207187675648
1661868207229676544
1661868207271677440
1661868207313678336
1661868207355679232
1661868207397680128
1661868207442681088
1661868207487682048
1661868207526682880
1661868207568683776
1661868207613684736
1661868207658685696
1661868207700686592
1661868207742687488
1661868207790688512
1661868207829689344
1661868207868690176
1661868207913691136
1661868207955692032
1661868207997692928
1661868208039693824
1661868208084694784
1661868208132695808
1661868208177696768
1661868208216697600
1661868208255698432
1661868208297699328
1661868208339700224
1661868208375700992
1661868208417701888
1661868208459702784
1661868208501703680
1661868208549704704
1661868208591705600
1661868208630706432
1661868208672707328
1661868208714708224
1661868208756709120
1661868208795709952
1661868208831710720
1661868208876711680
1661868208918712576
1661868208960713472
1661868209002714368
1661868209047715328
1661868209089716224
1661868209131717120
1661868209173718016
1661868209218718976
1661868209260719872
1661868209299720704
1661868209341721600
1661868209386722560
1661868209434723584
1661868209476724480
1661868209518725376
1661868209563726336
1661868209608727296
1661868209647728128
1661868209686728960
1661868209731729920
1661868209773730816
1661868209809731584
1661868209851732480
1661868209899733504
1661868209941734400
1661868209980735232
1661868210022736128
1661868210067737088
1661868210109737984
1661868210148738816
1661868210187739648
1661868210226740480
1661868210268741376
1661868210310742272
1661868210349743104
1661868210391744000
1661868210430744832
1661868210472745728
1661868210514746624
1661868210556747520
1661868210601748480
1661868210640749312
1661868210682750208
1661868210724751104
1661868210766752000
1661868210811752960
1661868210856753920
1661868210898754816
1661868210937755648
1661868210979756544
1661868211021757440
1661868211063758336
1661868211102759168
1661868211150760192
1661868211195761152
1661868211237762048
1661868211273762816
1661868211315763712
1661868211357764608
1661868211396765440
1661868211441766400
1661868211480767232
1661868211522768128
1661868211567769088
1661868211606769920
1661868211648770816
1661868211687771648
1661868211729772544
1661868211771773440
1661868211813774336
1661868211861775360
1661868211906776320
1661868211948777216
1661868211993778176
1661868212041779200
1661868212083780096
1661868212131781120
1661868212173782016
1661868212215782912
1661868212257783808
1661868212302784768
1661868212347785728
1661868212386786560
1661868212431787520
1661868212473788416
1661868212515789312
1661868212557790208
1661868212599791104
1661868212641792000
1661868212683792896
1661868212725793792
1661868212767794688
1661868212809795584
1661868212851796480
1661868212893797376
1661868212935798272
1661868212971799040
1661868213016800000
1661868213055800832
1661868213094801664
1661868213139802624
1661868213178803456
1661868213220804352
1661868213259805184
1661868213307806208
1661868213343806976
1661868213391808000
1661868213430808832
1661868213475809792
1661868213523810816
1661868213568811776
1661868213610812672
1661868213649813504
1661868213691814400
1661868213733815296
1661868213772816128
1661868213814817024
1661868213850817792
1661868213892818688
1661868213937819648
1661868213979820544
1661868214015821312
1661868214060822272
1661868214099823104
1661868214141824000
1661868214180824832
1661868214222825728
1661868214264826624
1661868214306827520
1661868214351828480
1661868214393829376
1661868214432830208
1661868214471831040
1661868214513831936
1661868214555832832
1661868214594833664
1661868214636834560
1661868214678835456
1661868214720836352
1661868214762837248
1661868214807838208
1661868214849839104
1661868214885839872
1661868214927840768
1661868214972841728
1661868215014842624
1661868215059843584
1661868215101844480
1661868215140845312
1661868215188846336
1661868215230847232
1661868215278848256
1661868215320849152
1661868215362850048
1661868215401850880
1661868215443851776
1661868215488852736
1661868215530853632
1661868215569854464
1661868215611855360
1661868215650856192
1661868215692857088
1661868215734857984
1661868215776858880
1661868215815859712
1661868215860860672
1661868215902861568
1661868215944862464
1661868215986863360
1661868216034864384
1661868216076865280
1661868216121866240
1661868216163867136
1661868216202867968
1661868216250868992
1661868216295869952
1661868216337870848
1661868216385871872
1661868216427872768
1661868216475873792
1661868216520874752
1661868216562875648
1661868216607876608
1661868216649877504
1661868216700878592
1661868216742879488
1661868216784880384
1661868216823881216
1661868216865882112
1661868216913883136
1661868216952883968
1661868216991884800
1661868217033885696
1661868217075886592
1661868217117887488
1661868217162888448
1661868217198889216
1661868217240890112
1661868217282891008
1661868217321891840
1661868217363892736
1661868217405893632
1661868217447894528
1661868217489895424
1661868217534896384
1661868217576897280
1661868217618898176
1661868217666899200
1661868217711900160
1661868217753901056
1661868217795901952
1661868217837902848
1661868217879903744
1661868217921904640
1661868217963905536
1661868218005906432
1661868218047907328
1661868218092908288
1661868218134909184
1661868218182910208
1661868218224911104
1661868218266912000
1661868218305912832
1661868218350913792
1661868218392914688
1661868218437915648
1661868218479916544
1661868218521917440
1661868218563918336
1661868218605919232
1661868218644920064
1661868218686920960
1661868218728921856
1661868218770922752
1661868218815923712
1661868218857924608
1661868218896925440
1661868218944926464
1661868218986927360
1661868219028928256
1661868219073929216
1661868219115930112
1661868219154930944
1661868219202931968
1661868219247932928
1661868219295933952
1661868219343934976
1661868219385935872
1661868219430936832
1661868219469937664
1661868219511938560
1661868219553939456
1661868219595940352
1661868219637941248
1661868219676942080
1661868219715942912
1661868219757943808
1661868219796944640
1661868219841945600
1661868219883946496
1661868219925947392
1661868219967948288
1661868220006949120
1661868220045949952
1661868220087950848
1661868220129951744
1661868220174952704
1661868220213953536
1661868220252954368
1661868220291955200
1661868220333956096
1661868220375956992
1661868220420957952
1661868220462958848
1661868220504959744
1661868220549960704
1661868220594961664
1661868220636962560
1661868220678963456
1661868220717964288
1661868220762965248
1661868220804966144
1661868220855967232
1661868220897968128
1661868220942969088
1661868220984969984
1661868221026970880
1661868221068971776
1661868221107972608
1661868221146973440
1661868221185974272
1661868221224975104
1661868221269976064
1661868221311976960
1661868221350977792
1661868221395978752
1661868221440979712
1661868221479980544
1661868221518981376
1661868221560982272
1661868221602983168
1661868221647984128
1661868221686984960
1661868221731985920
1661868221779986944
1661868221821987840
1661868221866988800
1661868221908989696
1661868221947990528
1661868221995991552
1661868222034992384
1661868222076993280
1661868222121994240
1661868222166995200
1661868222211996160
1661868222253997056
1661868222292997888
1661868222331998720
1661868222373999616
1661868222416000512
1661868222458001408
1661868222500002304
1661868222548003328
1661868222584004096
1661868222626004992
1661868222671005952
1661868222713006848
1661868222764007936
1661868222806008832
1661868222848009728
1661868222890010624
1661868222932011520
1661868222974012416
1661868223022013440
1661868223070014464
1661868223109015296
1661868223151016192
1661868223190017024
1661868223241018112
1661868223283019008
1661868223328019968
1661868223367020800
1661868223409021696
1661868223457022720
1661868223499023616
1661868223541024512
1661868223583025408
1661868223625026304
1661868223670027264
1661868223709028096
1661868223751028992
1661868223793029888
1661868223841030912
1661868223883031808
1661868223925032704
1661868223967033600
1661868224006034432
1661868224045035264
1661868224087036160
1661868224129037056
1661868224168037888
1661868224207038720
1661868224261039872
1661868224300040704
1661868224342041600
1661868224384042496
1661868224432043520
1661868224474044416
1661868224519045376
1661868224561046272
1661868224603047168
1661868224645048064
1661868224687048960
1661868224732049920
1661868224774050816
1661868224816051712
1661868224855052544
1661868224897053440
1661868224939054336
1661868224981055232
1661868225023056128
1661868225074057216
1661868225116058112
1661868225161059072
1661868225203059968
1661868225248060928
1661868225290061824
1661868225338062848
1661868225380063744
1661868225422064640
1661868225467065600
1661868225509066496
1661868225545067264
1661868225590068224
1661868225638069248
1661868225686070272
1661868225728071168
1661868225770072064
1661868225818073088
1661868225860073984
1661868225902074880
1661868225944075776
1661868225992076800
1661868226034077696
1661868226076078592
1661868226118079488
1661868226160080384
1661868226199081216
1661868226241082112
1661868226289083136
1661868226334084096
1661868226376084992
1661868226418085888
1661868226454086656
1661868226496087552
1661868226535088384
1661868226586089472
1661868226628090368
1661868226670091264
1661868226709092096
1661868226751092992
1661868226799094016
1661868226838094848
1661868226883095808
1661868226925096704
1661868226967097600
1661868227012098560
1661868227054099456
1661868227093100288
1661868227141101312
1661868227186102272
1661868227225103104
1661868227270104064
1661868227312104960
1661868227354105856
1661868227396106752
1661868227441107712
1661868227483108608
1661868227525109504
1661868227567110400
1661868227609111296
1661868227651112192
1661868227690113024
1661868227732113920
1661868227774114816
1661868227819115776
1661868227867116800
1661868227912117760
1661868227954118656
1661868227996119552
1661868228038120448
1661868228086121472
1661868228134122496
1661868228179123456
1661868228221124352
1661868228263125248
1661868228305126144
1661868228353127168
1661868228395128064
1661868228434128896
1661868228479129856
1661868228524130816
1661868228569131776
1661868228611132672
1661868228656133632
1661868228698134528
1661868228737135360
1661868228776136192
1661868228824137216
1661868228866138112
1661868228908139008
1661868228950139904
1661868228992140800
1661868229031141632
1661868229073142528
1661868229124143616
1661868229166144512
1661868229208145408
1661868229253146368
1661868229295147264
1661868229337148160
1661868229379149056
1661868229421149952
1661868229463150848
1661868229508151808
1661868229547152640
1661868229592153600
1661868229634154496
1661868229673155328
1661868229715156224
1661868229757157120
1661868229796157952
1661868229838158848
1661868229880159744
1661868229931160832
1661868229973161728
1661868230015162624
1661868230057163520
1661868230099164416
1661868230141165312
1661868230186166272
1661868230228167168
1661868230270168064
1661868230309168896
1661868230354169856
1661868230396170752
1661868230435171584
1661868230480172544
1661868230525173504
1661868230561174272
1661868230603175168
1661868230642176000
1661868230684176896
1661868230723177728
1661868230765178624
1661868230807179520
1661868230849180416
1661868230891181312
1661868230936182272
1661868230978183168
1661868231020184064
1661868231059184896
1661868231104185856
1661868231146186752
1661868231191187712
1661868231233188608
1661868231275189504
1661868231317190400
1661868231356191232
1661868231401192192
1661868231443193088
1661868231482193920
1661868231524194816
1661868231569195776
1661868231611196672
1661868231653197568
1661868231692198400
1661868231731199232
1661868231770200064
1661868231812200960
1661868231857201920
1661868231902202880
1661868231944203776
1661868231986204672
1661868232031205632
1661868232070206464
1661868232112207360
1661868232157208320
1661868232199209216
1661868232241210112
1661868232283211008
1661868232328211968
1661868232370212864
1661868232412213760
1661868232454214656
1661868232496215552
1661868232532216320
1661868232574217216
1661868232616218112
1661868232652218880
1661868232691219712
1661868232733220608
1661868232775221504
1661868232817222400
1661868232859223296
1661868232901224192
1661868232946225152
1661868232991226112
1661868233030226944
1661868233075227904
1661868233117228800
1661868233159229696
1661868233204230656
1661868233240231424
1661868233282232320
1661868233324233216
1661868233363234048
1661868233405234944
1661868233441235712
1661868233483236608
1661868233528237568
1661868233576238592
1661868233624239616
1661868233669240576
1661868233711241472
1661868233756242432
1661868233798243328
1661868233840244224
1661868233882245120
1661868233924246016
1661868233963246848
1661868234005247744
1661868234053248768
1661868234095249664
1661868234134250496
1661868234179251456
1661868234221252352
1661868234263253248
1661868234305254144
1661868234347255040
1661868234389255936
1661868234431256832
1661868234473257728
1661868234518258688
1661868234560259584
1661868234602260480
1661868234644261376
1661868234686262272
1661868234728263168
1661868234770264064
1661868234812264960
1661868234848265728
1661868234890266624
1661868234929267456
1661868234974268416
1661868235013269248
1661868235055270144
1661868235103271168
1661868235148272128
1661868235187272960
1661868235232273920
1661868235274274816
1661868235319275776
1661868235361276672
1661868235403277568
1661868235448278528
1661868235499279616
1661868235544280576
1661868235589281536
1661868235631282432
1661868235670283264
1661868235715284224
1661868235760285184
1661868235802286080
1661868235850287104
1661868235892288000
1661868235937288960
1661868235979289856
1661868236021290752
1661868236069291776
1661868236111292672
1661868236153293568
1661868236195294464
1661868236240295424
1661868236282296320
1661868236333297408
1661868236375298304
1661868236417299200
1661868236462300160
1661868236507301120
1661868236543301888
1661868236585302784
1661868236627303680
1661868236666304512
1661868236708305408
1661868236756306432
1661868236795307264
1661868236834308096
1661868236870308864
1661868236915309824
1661868236957310720
1661868237005311744
1661868237047312640
1661868237089313536
1661868237134314496
1661868237176315392
1661868237218316288
1661868237263317248
1661868237302318080
1661868237344318976
1661868237383319808
1661868237425320704
1661868237467321600
1661868237506322432
1661868237557323520
1661868237599324416
1661868237641325312
1661868237683326208
1661868237725327104
1661868237770328064
1661868237809328896
1661868237851329792
1661868237899330816
1661868237941331712
1661868237989332736
1661868238028333568
1661868238073334528
1661868238118335488
1661868238160336384
1661868238202337280
1661868238241338112
1661868238292339200
1661868238337340160
1661868238379341056
1661868238421341952
1661868238463342848
1661868238505343744
1661868238547344640
1661868238583345408
1661868238628346368
1661868238667347200
1661868238709348096
1661868238757349120
1661868238799350016
1661868238844350976
1661868238889351936
1661868238928352768
1661868238967353600
1661868239003354368
1661868239045355264
1661868239090356224
1661868239138357248
1661868239183358208
1661868239234359296
1661868239279360256
1661868239321361152
1661868239369362176
1661868239411363072
1661868239456364032
1661868239504365056
1661868239546365952
1661868239591366912
1661868239633367808
1661868239678368768
1661868239717369600
1661868239759370496
1661868239810371584
1661868239852372480
1661868239894373376
1661868239936374272
1661868239975375104
1661868240023376128
1661868240065377024
1661868240107377920
1661868240149378816
1661868240191379712
1661868240236380672
1661868240281381632
1661868240320382464
1661868240359383296
1661868240398384128
1661868240437384960
1661868240479385856
1661868240521386752
1661868240560387584
1661868240599388416
1661868240641389312
1661868240683390208
1661868240728391168
1661868240770392064
1661868240815393024
1661868240857393920
1661868240902394880
1661868240947395840
1661868240986396672
1661868241028397568
1661868241070398464
1661868241121399552
1661868241166400512
1661868241208401408
1661868241247402240
1661868241289403136
1661868241331404032
1661868241373404928
1661868241418405888
1661868241460406784
1661868241505407744
1661868241544408576
1661868241583409408
1661868241625410304
1661868241667411200
1661868241709412096
1661868241754413056
1661868241796413952
1661868241838414848
1661868241880415744
1661868241925416704
1661868241979417856
1661868242021418752
1661868242060419584
1661868242099420416
1661868242141421312
1661868242183422208
1661868242225423104
1661868242267424000
1661868242312424960
1661868242354425856
1661868242390426624
1661868242432427520
1661868242471428352
1661868242507429120
1661868242549430016
1661868242591430912
1661868242633431808
1661868242675432704
1661868242717433600
1661868242759434496
1661868242801435392
1661868242843436288
1661868242885437184
1661868242927438080
1661868242969438976
1661868243011439872
1661868243053440768
1661868243095441664
1661868243140442624
1661868243182443520
1661868243221444352
1661868243272445440
1661868243317446400
1661868243359447296
1661868243401448192
1661868243440449024
1661868243488450048
1661868243533451008
1661868243575451904
1661868243617452800
1661868243656453632
1661868243698454528
1661868243740455424
1661868243782456320
1661868243824457216
1661868243866458112
1661868243914459136
1661868243956460032
1661868243998460928
1661868244043461888
1661868244085462784
1661868244127463680
1661868244172464640
1661868244220465664
1661868244265466624
1661868244304467456
1661868244349468416
1661868244394469376
1661868244439470336
1661868244481471232
1661868244520472064
1661868244559472896
1661868244601473792
1661868244649474816
1661868244691475712
1661868244736476672
1661868244778477568
1661868244823478528
1661868244865479424
1661868244913480448
1661868244961481472
1661868245012482560
1661868245054483456
1661868245096484352
1661868245138485248
1661868245180486144
1661868245222487040
1661868245267488000
1661868245309488896
1661868245351489792
1661868245396490752
1661868245438491648
1661868245483492608
1661868245525493504
1661868245570494464
1661868245615495424
1661868245657496320
1661868245702497280
1661868245741498112
1661868245783499008
1661868245822499840
1661868245867500800
1661868245909501696
1661868245951502592
1661868245993503488
1661868246038504448
1661868246080505344
1661868246125506304
1661868246182507520
1661868246224508416
1661868246263509248
1661868246302510080
1661868246344510976
1661868246389511936
1661868246434512896
1661868246476513792
1661868246521514752
1661868246563515648
1661868246602516480
1661868246638517248
1661868246686518272
1661868246725519104
1661868246767520000
1661868246809520896
1661868246851521792
1661868246893522688
1661868246944523776
1661868246986524672
1661868247028525568
1661868247076526592
1661868247118527488
1661868247151528192
1661868247190529024
1661868247238530048
1661868247280530944
1661868247325531904
1661868247370532864
1661868247415533824
1661868247457534720
1661868247499535616
1661868247541536512
1661868247580537344
1661868247622538240
1661868247664539136
1661868247709540096
1661868247751540992
1661868247790541824
1661868247832542720
1661868247874543616
1661868247925544704
1661868247967545600
1661868248015546624
1661868248057547520
1661868248099548416
1661868248141549312
1661868248183550208
1661868248222551040
1661868248264551936
1661868248312552960
1661868248354553856
1661868248399554816
1661868248444555776
1661868248486556672
1661868248528557568
1661868248567558400
1661868248606559232
1661868248645560064
1661868248693561088
1661868248735561984
1661868248777562880
1661868248819563776
1661868248861564672
1661868248906565632
1661868248945566464
1661868248987567360
1661868249029568256
1661868249077569280
1661868249119570176
1661868249164571136
1661868249206572032
1661868249248572928
1661868249299574016
1661868249341574912
1661868249386575872
1661868249425576704
1661868249470577664
1661868249509578496
1661868249554579456
1661868249599580416
1661868249641581312
1661868249686582272
1661868249728583168
1661868249767584000
1661868249806584832
1661868249851585792
1661868249896586752
1661868249932587520
1661868249974588416
1661868250016589312
1661868250055590144
1661868250097591040
1661868250139591936
1661868250181592832
1661868250223593728
1661868250265594624
1661868250304595456
1661868250343596288
1661868250385597184
1661868250430598144
1661868250472599040
1661868250523600128
1661868250574601216
1661868250619602176
1661868250658603008
1661868250703603968
1661868250754605056
1661868250796605952
1661868250838606848
1661868250880607744
1661868250922608640
1661868250964609536
1661868251006610432
1661868251048611328
1661868251090612224
1661868251129613056
1661868251177614080
1661868251219614976
1661868251261615872
1661868251303616768
1661868251342617600
1661868251384618496
1661868251426619392
1661868251471620352
1661868251513621248
1661868251555622144
1661868251597623040
1661868251642624000
1661868251693625088
1661868251732625920
1661868251771626752
1661868251810627584
1661868251855628544
1661868251897629440
1661868251939630336
1661868251984631296
1661868252035632384
1661868252074633216
1661868252122634240
1661868252164635136
1661868252206636032
1661868252245636864
1661868252287637760
1661868252338638848
1661868252380639744
1661868252422640640
1661868252464641536
1661868252506642432
1661868252545643264
1661868252590644224
1661868252632645120
1661868252677646080
1661868252722647040
1661868252764647936
1661868252806648832
1661868252842649600
1661868252884650496
1661868252938651648
1661868252980652544
1661868253022653440
1661868253064654336
1661868253100655104
1661868253145656064
1661868253184656896
1661868253226657792
1661868253268658688
1661868253307659520
1661868253349660416
1661868253391661312
1661868253433662208
1661868253478663168
1661868253520664064
1661868253562664960
1661868253610665984
1661868253652666880
1661868253694667776
1661868253736668672
1661868253778669568
1661868253817670400
1661868253859671296
1661868253901672192
1661868253943673088
1661868253985673984
1661868254027674880
1661868254069675776
1661868254111676672
1661868254153677568
1661868254195678464
1661868254234679296
1661868254279680256
1661868254318681088
1661868254360681984
1661868254402682880
1661868254444683776
1661868254489684736
1661868254534685696
1661868254582686720
1661868254624687616
1661868254666688512
1661868254708689408
1661868254750690304
1661868254798691328
1661868254843692288
1661868254885693184
1661868254924694016
1661868254969694976
1661868255011695872
1661868255053696768
1661868255095697664
1661868255137698560
1661868255179699456
1661868255224700416
1661868255266701312
1661868255317702400
1661868255359703296
1661868255398704128
1661868255437704960
1661868255479705856
1661868255518706688
1661868255557707520
1661868255599708416
1661868255641709312
1661868255680710144
1661868255722711040
1661868255761711872
1661868255803712768
1661868255845713664
1661868255887714560
1661868255932715520
1661868255977716480
1661868256019717376
1661868256061718272
1661868256103719168
1661868256145720064
1661868256196721152
1661868256238722048
1661868256280722944
1661868256319723776
1661868256361724672
1661868256403725568
1661868256442726400
1661868256490727424
1661868256529728256
1661868256568729088
1661868256607729920
1661868256649730816
1661868256691731712
1661868256727732480
1661868256766733312
1661868256808734208
1661868256847735040
1661868256892736000
1661868256934736896
1661868256979737856
1661868257021738752
1661868257063739648
1661868257105740544
1661868257150741504
1661868257192742400
1661868257234743296
1661868257276744192
1661868257318745088
1661868257360745984
1661868257408747008
1661868257450747904
1661868257492748800
1661868257534749696
1661868257582750720
1661868257621751552
1661868257663752448
1661868257702753280
1661868257741754112
1661868257783755008
1661868257828755968
1661868257873756928
1661868257915757824
1661868257960758784
1661868257999759616
1661868258044760576
1661868258092761600
1661868258134762496
1661868258170763264
1661868258209764096
1661868258251764992
1661868258293765888
1661868258332766720
1661868258374767616
1661868258416768512
1661868258458769408
1661868258503770368
1661868258545771264
1661868258587772160
1661868258629773056
1661868258674774016
1661868258713774848
1661868258749775616
1661868258788776448
1661868258830777344
1661868258872778240
1661868258914779136
1661868258950779904
1661868258992780800
1661868259034781696
1661868259073782528
1661868259118783488
1661868259160784384
1661868259202785280
1661868259244786176
1661868259286787072
1661868259328787968
1661868259373788928
1661868259415789824
1661868259460790784
1661868259502791680
1661868259544792576
1661868259592793600
1661868259631794432
1661868259673795328
1661868259715796224
1661868259757797120
1661868259799798016
1661868259838798848
1661868259883799808
1661868259928800768
1661868259973801728
1661868260015802624
1661868260054803456
1661868260096804352
1661868260138805248
1661868260180806144
1661868260219806976
1661868260261807872
1661868260303808768
1661868260348809728
1661868260390810624
1661868260432811520
1661868260477812480
1661868260519813376
1661868260564814336
1661868260606815232
1661868260648816128
1661868260690817024
1661868260732817920
1661868260774818816
1661868260816819712
1661868260861820672
1661868260903821568
1661868260939822336
1661868260981823232
1661868261020824064
1661868261059824896
1661868261104825856
1661868261149826816
1661868261188827648
1661868261224828416
1661868261272829440
1661868261314830336
1661868261359831296
1661868261398832128
1661868261443833088
1661868261488834048
1661868261530834944
1661868261572835840
1661868261620836864
1661868261662837760
1661868261707838720
1661868261752839680
1661868261791840512
1661868261833841408
1661868261875842304
1661868261923843328
1661868261965844224
1661868262010845184
1661868262052846080
1661868262100847104
1661868262139847936
1661868262178848768
1661868262217849600
1661868262259850496
1661868262301851392
1661868262343852288
1661868262388853248
1661868262430854144
1661868262472855040
1661868262511855872
1661868262559856896
1661868262601857792
1661868262646858752
1661868262691859712
1661868262733860608
1661868262775861504
1661868262820862464
1661868262868863488
1661868262907864320
1661868262949865216
1661868262991866112
1661868263033867008
1661868263075867904
1661868263117868800
1661868263159869696
1661868263198870528
1661868263240871424
1661868263279872256
1661868263321873152
1661868263363874048
1661868263408875008
1661868263444875776
1661868263486876672
1661868263528877568
1661868263567878400
1661868263609879296
1661868263651880192
1661868263696881152
1661868263738882048
1661868263780882944
1661868263822883840
1661868263867884800
1661868263906885632
1661868263954886656
1661868263996887552
1661868264035888384
1661868264074889216
1661868264119890176
1661868264161891072
1661868264203891968
1661868264242892800
1661868264287893760
1661868264329894656
1661868264371895552
1661868264413896448
1661868264461897472
1661868264500898304
1661868264539899136
1661868264584900096
1661868264626900992
1661868264665901824
1661868264707902720
1661868264752903680
1661868264800904704
1661868264851905792
1661868264893906688
1661868264935907584
1661868264977908480
1661868265016909312
1661868265058910208
1661868265100911104
1661868265142912000
1661868265187912960
1661868265229913856
1661868265274914816
1661868265322915840
1661868265361916672
1661868265403917568
1661868265445918464
1661868265484919296
1661868265526920192
1661868265565921024
1661868265619922176
1661868265664923136
1661868265706924032
1661868265748924928
1661868265790925824
1661868265829926656
1661868265874927616
1661868265916928512
1661868265955929344
1661868265997930240
1661868266036931072
1661868266081932032
1661868266123932928
1661868266162933760
1661868266204934656
1661868266246935552
1661868266288936448
1661868266330937344
1661868266369938176
1661868266408939008
1661868266450939904
1661868266492940800
1661868266540941824
1661868266588942848
1661868266633943808
1661868266675944704
1661868266729945856
1661868266768946688
1661868266813947648
1661868266852948480
1661868266894949376
1661868266939950336
1661868266978951168
1661868267020952064
1661868267065953024
1661868267110953984
1661868267149954816
1661868267194955776
1661868267236956672
1661868267278957568
1661868267317958400
1661868267359959296
1661868267398960128
1661868267440961024
1661868267485961984
1661868267527962880
1661868267569963776
1661868267611964672
1661868267650965504
1661868267686966272
1661868267728967168
1661868267770968064
1661868267818969088
1661868267860969984
1661868267902970880
1661868267950971904
1661868268001972992
1661868268043973888
1661868268091974912
1661868268133975808
1661868268175976704
1661868268217977600
1661868268259978496
1661868268301979392
1661868268340980224
1661868268382981120
1661868268427982080
1661868268472983040
1661868268511983872
1661868268553984768
1661868268598985728
1661868268640986624
1661868268685987584
1661868268727988480
1661868268766989312
1661868268811990272
1661868268853991168
1661868268892992000
1661868268937992960
1661868268979993856
1661868269021994752
1661868269063995648
1661868269105996544
1661868269147997440
1661868269192998400
1661868269234999296
1661868269277000192
1661868269316001024
1661868269361001984
1661868269400002816
1661868269442003712
1661868269484004608
1661868269529005568
1661868269568006400
1661868269607007232
1661868269649008128
1661868269694009088
1661868269736009984
1661868269784011008
1661868269829011968
1661868269877012992
1661868269919013888
1661868269961014784
1661868270009015808
1661868270051016704
1661868270096017664
1661868270147018752
1661868270186019584
1661868270225020416
1661868270264021248
1661868270300022016
1661868270339022848
1661868270384023808
1661868270423024640
1661868270474025728
1661868270516026624
1661868270558027520
1661868270600028416
1661868270639029248
1661868270681030144
1661868270723031040
1661868270762031872
1661868270807032832
1661868270849033728
1661868270897034752
1661868270939035648
1661868270978036480
1661868271026037504
1661868271071038464
1661868271113039360
1661868271152040192
1661868271194041088
1661868271248042240
1661868271290043136
1661868271335044096
1661868271380045056
1661868271422045952
1661868271467046912
1661868271506047744
1661868271545048576
1661868271587049472
1661868271629050368
1661868271668051200
1661868271713052160
1661868271758053120
1661868271803054080
1661868271845054976
1661868271887055872
1661868271929056768
1661868271971057664
1661868272010058496
1661868272052059392
1661868272094060288
1661868272136061184
1661868272181062144
1661868272223063040
1661868272265063936
1661868272307064832
1661868272352065792
1661868272391066624
1661868272427067392
1661868272469068288
1661868272508069120
1661868272550070016
1661868272592070912
1661868272631071744
1661868272673072640
1661868272715073536
1661868272757074432
1661868272796075264
1661868272838076160
1661868272880077056
1661868272922077952
1661868272964078848
1661868273006079744
1661868273045080576
1661868273087081472
1661868273129082368
1661868273171083264
1661868273213084160
1661868273255085056
1661868273297085952
1661868273342086912
1661868273387087872
1661868273429088768
1661868273471089664
1661868273516090624
1661868273558091520
1661868273606092544
1661868273651093504
1661868273693094400
1661868273735095296
1661868273777096192
1661868273822097152
1661868273864098048
1661868273909099008
1661868273957100032
1661868273999100928
1661868274041101824
1661868274092102912
1661868274131103744
1661868274173104640
1661868274215105536
1661868274260106496
1661868274299107328
1661868274341108224
1661868274386109184
1661868274428110080
1661868274476111104
1661868274521112064
1661868274566113024
1661868274605113856
1661868274656114944
1661868274701115904
1661868274743116800
1661868274785117696
1661868274827118592
1661868274869119488
1661868274911120384
1661868274953121280
1661868274989122048
1661868275031122944
1661868275070123776
1661868275109124608
1661868275151125504
1661868275193126400
1661868275238127360
1661868275280128256
1661868275322129152
1661868275364130048
1661868275403130880
1661868275451131904
1661868275493132800
1661868275538133760
1661868275580134656
1661868275622135552
1661868275670136576
1661868275706137344
1661868275745138176
1661868275784139008
1661868275829139968
1661868275874140928
1661868275916141824
1661868275958142720
1661868275997143552
1661868276039144448
1661868276081145344
1661868276123146240
1661868276168147200
1661868276210148096
1661868276249148928
1661868276291149824
1661868276333150720
1661868276378151680
1661868276417152512
1661868276459153408
1661868276501154304
1661868276546155264
1661868276588156160
1661868276630157056
1661868276675158016
1661868276717158912
1661868276759159808
1661868276804160768
1661868276846161664
1661868276885162496
1661868276924163328
1661868276963164160
1661868277002164992
1661868277044165888
1661868277086166784
1661868277128167680
1661868277170168576
1661868277215169536
1661868277260170496
1661868277308171520
1661868277347172352
1661868277389173248
1661868277431174144
1661868277470174976
1661868277512175872
1661868277554176768
1661868277596177664
1661868277641178624
1661868277686179584
1661868277728180480
1661868277770181376
1661868277812182272
1661868277851183104
1661868277893184000
1661868277932184832
1661868277971185664
1661868278013186560
1661868278055187456
1661868278100188416
1661868278145189376
1661868278187190272
1661868278229191168
1661868278271192064
1661868278310192896
1661868278349193728
1661868278391194624
1661868278427195392
1661868278469196288
1661868278511197184
1661868278550198016
1661868278598199040
1661868278637199872
1661868278676200704
1661868278721201664
1661868278763202560
1661868278805203456
1661868278847204352
1661868278886205184
1661868278925206016
1661868278967206912
1661868279009207808
1661868279048208640
1661868279090209536
1661868279132210432
1661868279177211392
1661868279216212224
1661868279264213248
1661868279309214208
1661868279351215104
1661868279393216000
1661868279435216896
1661868279477217792
1661868279522218752
1661868279570219776
1661868279612220672
1661868279651221504
1661868279687222272
1661868279732223232
1661868279774224128
1661868279816225024
1661868279858225920
1661868279900226816
1661868279945227776
1661868279990228736
1661868280035229696
1661868280077230592
1661868280125231616
1661868280167232512
1661868280209233408
1661868280251234304
1661868280293235200
1661868280338236160
1661868280380237056
1661868280422237952
1661868280464238848
1661868280503239680
1661868280548240640
1661868280590241536
1661868280635242496
1661868280680243456
1661868280722244352
1661868280764245248
1661868280800246016
1661868280851247104
1661868280905248256
1661868280956249344
1661868280998250240
1661868281040251136
1661868281082252032
1661868281124252928
1661868281166253824
1661868281208254720
1661868281253255680
1661868281292256512
1661868281337257472
1661868281379258368
1661868281424259328
1661868281466260224
1661868281511261184
1661868281550262016
1661868281592262912
1661868281631263744
1661868281676264704
1661868281718265600
1661868281763266560
1661868281808267520
1661868281850268416
1661868281892269312
1661868281937270272
1661868281985271296
1661868282024272128
1661868282066273024
1661868282111273984
1661868282159275008
1661868282204275968
1661868282249276928
1661868282288277760
1661868282330278656
1661868282378279680
1661868282417280512
1661868282459281408
1661868282513282560
1661868282555283456
1661868282597284352
1661868282639285248
1661868282681286144
1661868282726287104
1661868282768288000
1661868282813288960
1661868282852289792
1661868282894290688
1661868282939291648
1661868282984292608
1661868283023293440
1661868283068294400
1661868283116295424
1661868283158296320
1661868283203297280
1661868283245298176
1661868283284299008
1661868283329299968
1661868283371300864
1661868283419301888
1661868283461302784
1661868283500303616
1661868283548304640
1661868283590305536
1661868283638306560
1661868283677307392
1661868283725308416
1661868283770309376
1661868283812310272
1661868283857311232
1661868283899312128
1661868283941313024
1661868283989314048
1661868284028314880
1661868284067315712
1661868284109316608
1661868284157317632
1661868284199318528
1661868284247319552
1661868284286320384
1661868284328321280
1661868284379322368
1661868284421323264
1661868284457324032
1661868284496324864
1661868284538325760
1661868284580326656
1661868284622327552
1661868284667328512
1661868284709329408
1661868284763330560
1661868284805331456
1661868284850332416
1661868284895333376
1661868284937334272
1661868284976335104
1661868285021336064
1661868285066337024
1661868285105337856
1661868285156338944
1661868285201339904
1661868285243340800
1661868285294341888
1661868285336342784
1661868285378343680
1661868285420344576
1661868285459345408
1661868285501346304
1661868285543347200
1661868285585348096
1661868285624348928
1661868285666349824
1661868285711350784
1661868285753351680
1661868285795352576
1661868285834353408
1661868285885354496
1661868285927355392
1661868285969356288
1661868286011357184
1661868286050358016
1661868286089358848
1661868286131359744
1661868286176360704
1661868286221361664
1661868286263362560
1661868286314363648
1661868286353364480
1661868286398365440
1661868286440366336
1661868286482367232
1661868286524368128
1661868286560368896
1661868286602369792
1661868286644370688
1661868286686371584
1661868286728372480
1661868286770373376
1661868286821374464
1661868286863375360
1661868286908376320
1661868286950377216
1661868286992378112
1661868287037379072
1661868287079379968
1661868287127380992
1661868287169381888
1661868287208382720
1661868287253383680
1661868287298384640
1661868287340385536
1661868287382386432
1661868287424387328
1661868287466388224
1661868287508389120
1661868287550390016
1661868287592390912
1661868287634391808
1661868287676392704
1661868287718393600
1661868287760394496
1661868287805395456
1661868287847396352
1661868287895397376
1661868287937398272
1661868287976399104
1661868288015399936
1661868288063400960
1661868288105401856
1661868288147402752
1661868288189403648
1661868288231404544
1661868288273405440
1661868288315406336
1661868288354407168
1661868288396408064
1661868288438408960
1661868288483409920
1661868288525410816
1661868288570411776
1661868288606412544
1661868288648413440
1661868288690414336
1661868288732415232
1661868288774416128
1661868288816417024
1661868288858417920
1661868288900418816
1661868288951419904
1661868288993420800
1661868289041421824
1661868289083422720
1661868289128423680
1661868289170424576
1661868289212425472
1661868289257426432
1661868289296427264
1661868289338428160
1661868289380429056
1661868289428430080
1661868289476431104
1661868289518432000
1661868289560432896
1661868289602433792
1661868289641434624
1661868289683435520
1661868289725436416
1661868289767437312
1661868289809438208
1661868289851439104
1661868289890439936
1661868289935440896
1661868289983441920
1661868290025442816
1661868290067443712
1661868290115444736
1661868290154445568
1661868290199446528
1661868290244447488
1661868290289448448
1661868290328449280
1661868290364450048
1661868290412451072
1661868290454451968
1661868290496452864
1661868290535453696
1661868290580454656
1661868290622455552
1661868290664456448
1661868290706457344
1661868290754458368
1661868290802459392
1661868290841460224
1661868290883461120
1661868290925462016
1661868290967462912
1661868291015463936
1661868291060464896
1661868291102465792
1661868291144466688
1661868291186467584
1661868291231468544
1661868291270469376
1661868291312470272
1661868291354471168
1661868291396472064
1661868291438472960
1661868291483473920
1661868291525474816
1661868291567475712
1661868291609476608
1661868291648477440
1661868291690478336
1661868291732479232
1661868291771480064
1661868291813480960
1661868291855481856
1661868291900482816
1661868291942483712
1661868291984484608
1661868292026485504
1661868292071486464
1661868292113487360
1661868292152488192
1661868292194489088
1661868292233489920
1661868292281490944
1661868292320491776
1661868292359492608
1661868292401493504
1661868292443494400
1661868292485495296
1661868292530496256
1661868292572497152
1661868292614498048
1661868292656498944
1661868292698499840
1661868292743500800
1661868292785501696
1661868292821502464
1661868292869503488
1661868292911504384
1661868292959505408
1661868293001506304
1661868293043507200
1661868293085508096
1661868293130509056
1661868293175510016
1661868293217510912
1661868293265511936
1661868293313512960
1661868293352513792
1661868293391514624
1661868293430515456
1661868293472516352
1661868293520517376
1661868293562518272
1661868293601519104
1661868293643520000
1661868293685520896
1661868293730521856
1661868293772522752
1661868293811523584
1661868293853524480
1661868293898525440
1661868293940526336
1661868293985527296
1661868294027528192
1661868294069529088
1661868294111529984
1661868294162531072
1661868294204531968
1661868294246532864
1661868294285533696
1661868294324534528
1661868294366535424
