1662120285510217728
1662120285552218624
1662120285594219520
1662120285636220416
1662120285681221376
1662120285723222272
1662120285768223232
1662120285810224128
1662120285858225152
1662120285897225984
1662120285936226816
1662120285981227776
1662120286023228672
1662120286065229568
1662120286107230464
1662120286149231360
1662120286191232256
1662120286233233152
1662120286281234176
1662120286323235072
1662120286371236096
1662120286413236992
1662120286455237888
1662120286497238784
1662120286539239680
1662120286581240576
1662120286620241408
1662120286662242304
1662120286701243136
1662120286740243968
1662120286782244864
1662120286827245824
1662120286875246848
1662120286920247808
1662120286968248832
1662120287010249728
1662120287052250624
1662120287097251584
1662120287139252480
1662120287181253376
1662120287220254208
1662120287265255168
1662120287307256064
1662120287352257024
1662120287397257984
1662120287436258816
1662120287475259648
1662120287517260544
1662120287559261440
1662120287601262336
1662120287646263296
1662120287688264192
1662120287733265152
1662120287772265984
1662120287814266880
1662120287862267904
1662120287907268864
1662120287952269824
1662120288000270848
1662120288039271680
1662120288087272704
1662120288135273728
1662120288177274624
1662120288225275648
1662120288267276544
1662120288309277440
1662120288354278400
1662120288396279296
1662120288438280192
1662120288483281152
1662120288528282112
1662120288576283136
1662120288624284160
1662120288666285056
1662120288708285952
1662120288747286784
1662120288792287744
1662120288834288640
1662120288873289472
1662120288918290432
1662120288963291392
1662120289008292352
1662120289050293248
1662120289092294144
1662120289131294976
1662120289176295936
1662120289218296832
1662120289260297728
1662120289311298816
1662120289356299776
1662120289398300672
1662120289440301568
1662120289485302528
1662120289527303424
1662120289569304320
1662120289608305152
1662120289653306112
1662120289695307008
1662120289734307840
1662120289773308672
1662120289812309504
1662120289854310400
1662120289896311296
1662120289938312192
1662120289983313152
1662120290025314048
1662120290067314944
1662120290115315968
1662120290157316864
1662120290202317824
1662120290247318784
1662120290292319744
1662120290340320768
1662120290385321728
1662120290430322688
1662120290478323712
1662120290526324736
1662120290568325632
1662120290613326592
1662120290652327424
1662120290694328320
1662120290730329088
1662120290772329984
1662120290814330880
1662120290853331712
1662120290898332672
1662120290937333504
1662120290979334400
1662120291021335296
1662120291060336128
1662120291108337152
1662120291150338048
1662120291195339008
1662120291240339968
1662120291291341056
1662120291336342016
1662120291381342976
1662120291423343872
1662120291477345024
1662120291519345920
1662120291567346944
1662120291606347776
1662120291648348672
1662120291690349568
1662120291735350528
1662120291777351424
1662120291825352448
1662120291870353408
1662120291912354304
1662120291954355200
1662120291996356096
1662120292041357056
1662120292080357888
1662120292119358720
1662120292167359744
1662120292209360640
1662120292251361536
1662120292293362432
1662120292335363328
1662120292377364224
1662120292419365120
1662120292470366208
1662120292512367104
1662120292560368128
1662120292602369024
1662120292647369984
1662120292692370944
1662120292734371840
1662120292776372736
1662120292818373632
1662120292860374528
1662120292902375424
1662120292947376384
1662120292989377280
1662120293031378176
1662120293076379136
1662120293118380032
1662120293160380928
1662120293202381824
1662120293244382720
1662120293289383680
1662120293331384576
1662120293376385536
1662120293418386432
1662120293463387392
1662120293505388288
1662120293547389184
1662120293592390144
1662120293634391040
1662120293679392000
1662120293724392960
1662120293766393856
1662120293811394816
1662120293856395776
1662120293895396608
1662120293940397568
1662120293988398592
1662120294033399552
1662120294078400512
1662120294123401472
1662120294168402432
1662120294213403392
1662120294249404160
1662120294291405056
1662120294330405888
1662120294372406784
1662120294420407808
1662120294462408704
1662120294507409664
1662120294546410496
1662120294588411392
1662120294633412352
1662120294684413440
1662120294729414400
1662120294774415360
1662120294816416256
1662120294861417216
1662120294903418112
1662120294951419136
1662120294996420096
1662120295044421120
1662120295083421952
1662120295128422912
1662120295170423808
1662120295218424832
1662120295263425792
1662120295305426688
1662120295347427584
1662120295389428480
1662120295434429440
1662120295476430336
1662120295521431296
1662120295566432256
1662120295605433088
1662120295647433984
1662120295692434944
1662120295734435840
1662120295776436736
1662120295818437632
1662120295866438656
1662120295911439616
1662120295953440512
1662120295995441408
1662120296037442304
1662120296082443264
1662120296130444288
1662120296169445120
1662120296208445952
1662120296250446848
1662120296295447808
1662120296337448704
1662120296379449600
1662120296421450496
1662120296457451264
1662120296499452160
1662120296541453056
1662120296589454080
1662120296637455104
1662120296682456064
1662120296724456960
1662120296766457856
1662120296808458752
1662120296850459648
1662120296892460544
1662120296937461504
1662120296979462400
1662120297021463296
1662120297066464256
1662120297111465216
1662120297153466112
1662120297201467136
1662120297246468096
1662120297288468992
1662120297327469824
1662120297372470784
1662120297414471680
1662120297459472640
1662120297504473600
1662120297552474624
1662120297597475584
1662120297639476480
1662120297684477440
1662120297726478336
1662120297765479168
1662120297804480000
1662120297843480832
1662120297885481728
1662120297927482624
1662120297972483584
1662120298005484288
1662120298053485312
1662120298095486208
1662120298137487104
1662120298179488000
1662120298227489024
1662120298269489920
1662120298311490816
1662120298350491648
1662120298395492608
1662120298446493696
1662120298491494656
1662120298533495552
1662120298575496448
1662120298617497344
1662120298662498304
1662120298713499392
1662120298755500288
1662120298800501248
1662120298842502144
1662120298884503040
1662120298926503936
1662120298968504832
1662120299010505728
1662120299052506624
1662120299094507520
1662120299136508416
1662120299178509312
1662120299220510208
1662120299262511104
1662120299307512064
1662120299352513024
1662120299391513856
1662120299433514752
1662120299481515776
1662120299523516672
1662120299568517632
1662120299613518592
1662120299658519552
1662120299700520448
1662120299742521344
1662120299787522304
1662120299832523264
1662120299874524160
1662120299916525056
1662120299961526016
1662120300006526976
1662120300048527872
1662120300084528640
1662120300126529536
1662120300171530496
1662120300216531456
1662120300261532416
1662120300303533312
1662120300348534272
1662120300390535168
1662120300432536064
1662120300474536960
1662120300516537856
1662120300564538880
1662120300609539840
1662120300651540736
1662120300693541632
1662120300735542528
1662120300777543424
1662120300822544384
1662120300864545280
1662120300915546368
1662120300960547328
1662120301002548224
1662120301044549120
1662120301086550016
1662120301128550912
1662120301176551936
1662120301221552896
1662120301260553728
1662120301308554752
1662120301353555712
1662120301401556736
1662120301443557632
1662120301485558528
1662120301527559424
1662120301572560384
1662120301614561280
1662120301662562304
1662120301704563200
1662120301746564096
1662120301785564928
1662120301827565824
1662120301869566720
1662120301911567616
1662120301950568448
1662120301995569408
1662120302037570304
1662120302085571328
1662120302130572288
1662120302175573248
1662120302220574208
1662120302265575168
1662120302307576064
1662120302346576896
1662120302391577856
1662120302439578880
1662120302484579840
1662120302532580864
1662120302574581760
1662120302616582656
1662120302658583552
1662120302697584384
1662120302742585344
1662120302787586304
1662120302829587200
1662120302871588096
1662120302916589056
1662120302958589952
1662120303000590848
1662120303051591936
1662120303099592960
1662120303141593856
1662120303183594752
1662120303231595776
1662120303279596800
1662120303321597696
1662120303360598528
1662120303399599360
1662120303450600448
1662120303495601408
1662120303537602304
1662120303576603136
1662120303618604032
1662120303657604864
1662120303702605824
1662120303750606848
1662120303792607744
1662120303837608704
1662120303879609600
1662120303930610688
1662120303975611648
1662120304017612544
1662120304059613440
1662120304104614400
1662120304149615360
1662120304191616256
1662120304236617216
1662120304278618112
1662120304320619008
1662120304362619904
1662120304401620736
1662120304443621632
1662120304485622528
1662120304530623488
1662120304578624512
1662120304623625472
1662120304665626368
1662120304710627328
1662120304755628288
1662120304800629248
1662120304848630272
1662120304893631232
1662120304938632192
1662120304980633088
1662120305022633984
1662120305067634944
1662120305112635904
1662120305148636672
1662120305196637696
1662120305235638528
1662120305274639360
1662120305319640320
1662120305364641280
1662120305403642112
1662120305445643008
1662120305490643968
1662120305535644928
1662120305577645824
1662120305619646720
1662120305664647680
1662120305703648512
1662120305745649408
1662120305790650368
1662120305838651392
1662120305883652352
1662120305928653312
1662120305970654208
1662120306012655104
1662120306054656000
1662120306102657024
1662120306150658048
1662120306192658944
1662120306237659904
1662120306282660864
1662120306324661760
1662120306369662720
1662120306417663744
1662120306462664704
1662120306507665664
1662120306549666560
1662120306591667456
1662120306633668352
1662120306678669312
1662120306723670272
1662120306765671168
1662120306810672128
1662120306855673088
1662120306897673984
1662120306939674880
1662120306978675712
1662120307017676544
1662120307065677568
1662120307104678400
1662120307149679360
1662120307191680256
1662120307236681216
1662120307281682176
1662120307323683072
1662120307365683968
1662120307407684864
1662120307449685760
1662120307491686656
1662120307527687424
1662120307572688384
1662120307614689280
1662120307656690176
1662120307707691264
1662120307752692224
1662120307794693120
1662120307836694016
1662120307878694912
1662120307923695872
1662120307971696896
1662120308016697856
1662120308058698752
1662120308100699648
1662120308142700544
1662120308181701376
1662120308226702336
1662120308271703296
1662120308313704192
1662120308355705088
1662120308403706112
1662120308451707136
1662120308496708096
1662120308538708992
1662120308580709888
1662120308622710784
1662120308661711616
1662120308709712640
1662120308751713536
1662120308790714368
1662120308835715328
1662120308880716288
1662120308922717184
1662120308964718080
1662120309003718912
1662120309045719808
1662120309090720768
1662120309135721728
1662120309177722624
1662120309216723456
1662120309258724352
1662120309300725248
1662120309345726208
1662120309390727168
1662120309435728128
1662120309474728960
1662120309516729856
1662120309561730816
1662120309603731712
1662120309645732608
1662120309690733568
1662120309729734400
1662120309777735424
1662120309819736320
1662120309864737280
1662120309915738368
1662120309957739264
1662120310002740224
1662120310044741120
1662120310092742144
1662120310134743040
1662120310179744000
1662120310224744960
1662120310266745856
1662120310311746816
1662120310353747712
1662120310395748608
1662120310440749568
1662120310482750464
1662120310527751424
1662120310572752384
1662120310611753216
1662120310662754304
1662120310704755200
1662120310746756096
1662120310788756992
1662120310839758080
1662120310881758976
1662120310923759872
1662120310971760896
1662120311016761856
1662120311061762816
1662120311109763840
1662120311151764736
1662120311190765568
1662120311241766656
1662120311283767552
1662120311325768448
1662120311367769344
1662120311412770304
1662120311454771200
1662120311505772288
1662120311547773184
1662120311592774144
1662120311634775040
1662120311676775936
1662120311721776896
1662120311763777792
1662120311808778752
1662120311850779648
1662120311892780544
1662120311937781504
1662120311982782464
1662120312027783424
1662120312063784192
1662120312108785152
1662120312150786048
1662120312195787008
1662120312234787840
1662120312279788800
1662120312327789824
1662120312369790720
1662120312411791616
1662120312453792512
1662120312495793408
1662120312540794368
1662120312588795392
1662120312636796416
1662120312678797312
1662120312723798272
1662120312765799168
1662120312804800000
1662120312849800960
1662120312894801920
1662120312939802880
1662120312981803776
1662120313026804736
1662120313068805632
1662120313110806528
1662120313152807424
1662120313197808384
1662120313242809344
1662120313284810240
1662120313326811136
1662120313371812096
1662120313413812992
1662120313455813888
1662120313497814784
1662120313545815808
1662120313584816640
1662120313626817536
1662120313668818432
1662120313713819392
1662120313755820288
1662120313797821184
1662120313839822080
1662120313884823040
1662120313929824000
1662120313977825024
1662120314031826176
1662120314073827072
1662120314115827968
1662120314160828928
1662120314202829824
1662120314247830784
1662120314295831808
1662120314340832768
1662120314379833600
1662120314421834496
1662120314466835456
1662120314508836352
1662120314553837312
1662120314598838272
1662120314637839104
1662120314682840064
1662120314724840960
1662120314772841984
1662120314811842816
1662120314856843776
1662120314898844672
1662120314940845568
1662120314988846592
1662120315033847552
1662120315078848512
1662120315123849472
1662120315168850432
1662120315210851328
1662120315252852224
1662120315294853120
1662120315345854208
1662120315390855168
1662120315435856128
1662120315489857280
1662120315537858304
1662120315582859264
1662120315630860288
1662120315675861248
1662120315717862144
1662120315762863104
1662120315807864064
1662120315849864960
1662120315891865856
1662120315933866752
1662120315975867648
1662120316017868544
1662120316062869504
1662120316104870400
1662120316149871360
1662120316191872256
1662120316230873088
1662120316275874048
1662120316317874944
1662120316362875904
1662120316404876800
1662120316449877760
1662120316494878720
1662120316539879680
1662120316581880576
1662120316620881408
1662120316665882368
1662120316704883200
1662120316746884096
1662120316791885056
1662120316836886016
1662120316878886912
1662120316917887744
1662120316962888704
1662120317001889536
1662120317049890560
1662120317100891648
1662120317142892544
1662120317187893504
1662120317232894464
1662120317277895424
1662120317322896384
1662120317367897344
1662120317409898240
1662120317454899200
1662120317496900096
1662120317544901120
1662120317586902016
1662120317628902912
1662120317673903872
1662120317715904768
1662120317757905664
1662120317802906624
1662120317844907520
1662120317886908416
1662120317934909440
1662120317976910336
1662120318018911232
1662120318060912128
1662120318102913024
1662120318147913984
1662120318192914944
1662120318231915776
1662120318270916608
1662120318315917568
1662120318357918464
1662120318399919360
1662120318447920384
1662120318492921344
1662120318534922240
1662120318576923136
1662120318618924032
1662120318663924992
1662120318708925952
1662120318753926912
1662120318798927872
1662120318843928832
1662120318891929856
1662120318936930816
1662120318978931712
1662120319017932544
1662120319062933504
1662120319104934400
1662120319149935360
1662120319191936256
1662120319236937216
1662120319278938112
1662120319323939072
1662120319365939968
1662120319413940992
1662120319455941888
1662120319500942848
1662120319542943744
1662120319587944704
1662120319632945664
1662120319680946688
1662120319725947648
1662120319770948608
1662120319812949504
1662120319854950400
1662120319899951360
1662120319941952256
1662120319986953216
1662120320028954112
1662120320073955072
1662120320115955968
1662120320160956928
1662120320202957824
1662120320247958784
1662120320295959808
1662120320340960768
1662120320379961600
1662120320424962560
1662120320469963520
1662120320511964416
1662120320556965376
1662120320601966336
1662120320646967296
1662120320688968192
1662120320727969024
1662120320769969920
1662120320814970880
1662120320862971904
1662120320904972800
1662120320946973696
1662120320988974592
1662120321033975552
1662120321075976448
1662120321120977408
1662120321162978304
1662120321210979328
1662120321255980288
1662120321306981376
1662120321348982272
1662120321393983232
1662120321438984192
1662120321477985024
1662120321522985984
1662120321561986816
1662120321603987712
1662120321651988736
1662120321693989632
1662120321732990464
1662120321780991488
1662120321822992384
1662120321858993152
1662120321900994048
1662120321942994944
1662120321987995904
1662120322026996736
1662120322068997632
1662120322110998528
1662120322149999360
1662120322195000320
1662120322237001216
1662120322285002240
1662120322330003200
1662120322372004096
1662120322417005056
1662120322459005952
1662120322501006848
1662120322543007744
1662120322585008640
1662120322624009472
1662120322666010368
1662120322708011264
1662120322750012160
1662120322789012992
1662120322828013824
1662120322882014976
1662120322924015872
1662120322975016960
1662120323014017792
1662120323056018688
1662120323101019648
1662120323146020608
1662120323185021440
1662120323227022336
1662120323272023296
1662120323317024256
1662120323359025152
1662120323401026048
1662120323443026944
1662120323488027904
1662120323530028800
1662120323575029760
1662120323620030720
1662120323668031744
1662120323710032640
1662120323749033472
1662120323794034432
1662120323836035328
1662120323875036160
1662120323920037120
1662120323959037952
1662120324004038912
1662120324046039808
1662120324091040768
1662120324139041792
1662120324178042624
1662120324223043584
1662120324265044480
1662120324304045312
1662120324343046144
1662120324385047040
1662120324427047936
1662120324469048832
1662120324517049856
1662120324559050752
1662120324601051648
1662120324640052480
1662120324682053376
1662120324724054272
1662120324766055168
1662120324808056064
1662120324853057024
1662120324901058048
1662120324943058944
1662120324988059904
1662120325036060928
1662120325078061824
1662120325120062720
1662120325159063552
1662120325204064512
1662120325255065600
1662120325300066560
1662120325342067456
1662120325384068352
1662120325429069312
1662120325468070144
1662120325510071040
1662120325549071872
1662120325603073024
1662120325642073856
1662120325687074816
1662120325726075648
1662120325768076544
1662120325810077440
1662120325852078336
1662120325894079232
1662120325939080192
1662120325984081152
1662120326026082048
1662120326074083072
1662120326119084032
1662120326164084992
1662120326209085952
1662120326257086976
1662120326302087936
1662120326344088832
1662120326386089728
1662120326428090624
1662120326470091520
1662120326512092416
1662120326554093312
1662120326596094208
1662120326638095104
1662120326683096064
1662120326725096960
1662120326767097856
1662120326809098752
1662120326857099776
1662120326902100736
1662120326947101696
1662120326995102720
1662120327040103680
1662120327088104704
1662120327133105664
1662120327175106560
1662120327220107520
1662120327268108544
1662120327310109440
1662120327355110400
1662120327394111232
1662120327436112128
1662120327490113280
1662120327532114176
1662120327574115072
1662120327619116032
1662120327661116928
1662120327706117888
1662120327748118784
1662120327793119744
1662120327832120576
1662120327874121472
1662120327919122432
1662120327964123392
1662120328009124352
1662120328054125312
1662120328099126272
1662120328144127232
1662120328189128192
1662120328231129088
1662120328273129984
1662120328312130816
1662120328354131712
1662120328396132608
1662120328441133568
1662120328486134528
1662120328531135488
1662120328573136384
1662120328612137216
1662120328660138240
1662120328705139200
1662120328747140096
1662120328795141120
1662120328837142016
1662120328879142912
1662120328921143808
1662120328963144704
1662120329005145600
1662120329047146496
1662120329089147392
1662120329137148416
1662120329182149376
1662120329227150336
1662120329272151296
1662120329317152256
1662120329362153216
1662120329410154240
1662120329455155200
1662120329497156096
1662120329536156928
1662120329581157888
1662120329623158784
1662120329668159744
1662120329713160704
1662120329758161664
1662120329800162560
1662120329842163456
1662120329884164352
1662120329926165248
1662120329971166208
1662120330010167040
1662120330052167936
1662120330100168960
1662120330145169920
1662120330190170880
1662120330235171840
1662120330277172736
1662120330316173568
1662120330364174592
1662120330406175488
1662120330448176384
1662120330487177216
1662120330526178048
1662120330571179008
1662120330613179904
1662120330658180864
1662120330703181824
1662120330748182784
1662120330793183744
1662120330838184704
1662120330877185536
1662120330928186624
1662120330967187456
1662120331006188288
1662120331051189248
1662120331090190080
1662120331132190976
1662120331174191872
1662120331219192832
1662120331261193728
1662120331306194688
1662120331354195712
1662120331393196544
1662120331435197440
1662120331477198336
1662120331513199104
1662120331561200128
1662120331609201152
1662120331648201984
1662120331690202880
1662120331735203840
1662120331780204800
1662120331825205760
1662120331864206592
1662120331906207488
1662120331951208448
1662120331996209408
1662120332038210304
1662120332080211200
1662120332125212160
1662120332164212992
1662120332206213888
1662120332251214848
1662120332293215744
1662120332335216640
1662120332374217472
1662120332416218368
1662120332458219264
1662120332500220160
1662120332545221120
1662120332584221952
1662120332629222912
1662120332674223872
1662120332719224832
1662120332761225728
1662120332806226688
1662120332848227584
1662120332890228480
1662120332932229376
1662120332974230272
1662120333019231232
1662120333064232192
1662120333106233088
1662120333154234112
1662120333199235072
1662120333238235904
1662120333286236928
1662120333328237824
1662120333367238656
1662120333409239552
1662120333448240384
1662120333490241280
1662120333529242112
1662120333571243008
1662120333610243840
1662120333649244672
1662120333691245568
1662120333736246528
1662120333781247488
1662120333826248448
1662120333868249344
1662120333913250304
1662120333958251264
1662120334003252224
1662120334048253184
1662120334090254080
1662120334132254976
1662120334171255808
1662120334213256704
1662120334258257664
1662120334303258624
1662120334348259584
1662120334393260544
1662120334438261504
1662120334480262400
1662120334525263360
1662120334570264320
1662120334612265216
1662120334657266176
1662120334702267136
1662120334744268032
1662120334795269120
1662120334837270016
1662120334882270976
1662120334918271744
1662120334960272640
1662120335002273536
1662120335047274496
1662120335095275520
1662120335137276416
1662120335185277440
1662120335230278400
1662120335272279296
1662120335314280192
1662120335362281216
1662120335404282112
1662120335449283072
1662120335485283840
1662120335530284800
1662120335572285696
1662120335614286592
1662120335656287488
1662120335701288448
1662120335746289408
1662120335788290304
1662120335833291264
1662120335878292224
1662120335923293184
1662120335962294016
1662120336010295040
1662120336052295936
1662120336088296704
1662120336127297536
1662120336172298496
1662120336214299392
1662120336250300160
1662120336292301056
1662120336334301952
1662120336376302848
1662120336427303936
1662120336475304960
1662120336517305856
1662120336562306816
1662120336601307648
1662120336637308416
1662120336679309312
1662120336724310272
1662120336763311104
1662120336799311872
1662120336838312704
1662120336883313664
1662120336922314496
1662120336970315520
1662120337015316480
1662120337057317376
1662120337102318336
1662120337141319168
1662120337186320128
1662120337231321088
1662120337276322048
1662120337324323072
1662120337369324032
1662120337414324992
1662120337459325952
1662120337504326912
1662120337546327808
1662120337591328768
1662120337636329728
1662120337675330560
1662120337711331328
1662120337756332288
1662120337801333248
1662120337843334144
1662120337882334976
1662120337924335872
1662120337969336832
1662120338014337792
1662120338059338752
1662120338104339712
1662120338146340608
1662120338191341568
1662120338233342464
1662120338275343360
1662120338323344384
1662120338368345344
1662120338416346368
1662120338461347328
1662120338503348224
1662120338548349184
1662120338590350080
1662120338632350976
1662120338674351872
1662120338713352704
1662120338752353536
1662120338797354496
1662120338842355456
1662120338890356480
1662120338932357376
1662120338974358272
1662120339016359168
1662120339055360000
1662120339100360960
1662120339145361920
1662120339190362880
1662120339241363968
1662120339286364928
1662120339334365952
1662120339382366976
1662120339427367936
1662120339466368768
1662120339502369536
1662120339544370432
1662120339586371328
1662120339625372160
1662120339667373056
1662120339706373888
1662120339748374784
1662120339793375744
1662120339832376576
1662120339874377472
1662120339916378368
1662120339958379264
1662120340000380160
1662120340042381056
1662120340084381952
1662120340126382848
1662120340171383808
1662120340216384768
1662120340258385664
1662120340306386688
1662120340351387648
1662120340393388544
1662120340432389376
1662120340480390400
1662120340522391296
1662120340564392192
1662120340609393152
1662120340651394048
1662120340696395008
1662120340738395904
1662120340780396800
1662120340825397760
1662120340873398784
1662120340912399616
1662120340957400576
1662120341002401536
1662120341044402432
1662120341089403392
1662120341131404288
1662120341176405248
1662120341215406080
1662120341263407104
1662120341305408000
1662120341344408832
1662120341383409664
1662120341428410624
1662120341470411520
1662120341512412416
1662120341560413440
1662120341605414400
1662120341650415360
1662120341692416256
1662120341734417152
1662120341773417984
1662120341815418880
1662120341857419776
1662120341899420672
1662120341938421504
1662120341980422400
1662120342025423360
1662120342067424256
1662120342112425216
1662120342160426240
1662120342202427136
1662120342244428032
1662120342286428928
1662120342328429824
1662120342373430784
1662120342418431744
1662120342466432768
1662120342514433792
1662120342556434688
1662120342595435520
1662120342637436416
1662120342676437248
1662120342718438144
1662120342760439040
1662120342799439872
1662120342838440704
1662120342877441536
1662120342925442560
1662120342964443392
1662120343009444352
1662120343048445184
1662120343090446080
1662120343135447040
1662120343177447936
1662120343222448896
1662120343264449792
1662120343309450752
1662120343351451648
1662120343402452736
1662120343447453696
1662120343489454592
1662120343534455552
1662120343579456512
1662120343618457344
1662120343663458304
1662120343711459328
1662120343762460416
1662120343801461248
1662120343849462272
1662120343891463168
1662120343936464128
1662120343978465024
1662120344023465984
1662120344062466816
1662120344107467776
1662120344146468608
1662120344188469504
1662120344230470400
1662120344275471360
1662120344314472192
1662120344356473088
1662120344401474048
1662120344443474944
1662120344491475968
1662120344533476864
1662120344581477888
1662120344620478720
1662120344665479680
1662120344713480704
1662120344758481664
1662120344800482560
1662120344842483456
1662120344884484352
1662120344926485248
1662120344968486144
1662120345010487040
1662120345055488000
1662120345100488960
1662120345145489920
1662120345187490816
1662120345229491712
1662120345268492544
1662120345310493440
1662120345358494464
1662120345397495296
1662120345439496192
1662120345484497152
1662120345526498048
1662120345568498944
1662120345613499904
1662120345655500800
1662120345697501696
1662120345736502528
1662120345781503488
1662120345826504448
1662120345874505472
1662120345919506432
1662120345961507328
1662120346006508288
1662120346051509248
1662120346096510208
1662120346138511104
1662120346180512000
1662120346219512832
1662120346264513792
1662120346309514752
1662120346354515712
1662120346399516672
1662120346441517568
1662120346486518528
1662120346528519424
1662120346573520384
1662120346618521344
1662120346660522240
1662120346702523136
1662120346744524032
1662120346786524928
1662120346828525824
1662120346876526848
1662120346915527680
1662120346957528576
1662120347005529600
1662120347047530496
1662120347086531328
1662120347128532224
1662120347170533120
1662120347212534016
1662120347257534976
1662120347299535872
1662120347344536832
1662120347389537792
1662120347431538688
1662120347476539648
1662120347518540544
1662120347560541440
1662120347608542464
1662120347653543424
1662120347695544320
1662120347737545216
1662120347779546112
1662120347824547072
1662120347863547904
1662120347905548800
1662120347947549696
1662120347986550528
1662120348031551488
1662120348073552384
1662120348118553344
1662120348157554176
1662120348202555136
1662120348244556032
1662120348289556992
1662120348331557888
1662120348376558848
1662120348421559808
1662120348460560640
1662120348502561536
1662120348544562432
1662120348589563392
1662120348637564416
1662120348679565312
1662120348718566144
1662120348760567040
1662120348802567936
1662120348841568768
1662120348880569600
1662120348922570496
1662120348964571392
1662120349009572352
1662120349057573376
1662120349102574336
1662120349144575232
1662120349186576128
1662120349231577088
1662120349273577984
1662120349318578944
1662120349363579904
1662120349402580736
1662120349444581632
1662120349489582592
1662120349531583488
1662120349573584384
1662120349612585216
1662120349651586048
1662120349696587008
1662120349738587904
1662120349780588800
1662120349822589696
1662120349864590592
1662120349906591488
1662120349948592384
1662120349990593280
1662120350032594176
1662120350077595136
1662120350122596096
1662120350164596992
1662120350209597952
1662120350251598848
1662120350293599744
1662120350338600704
1662120350380601600
1662120350425602560
1662120350467603456
1662120350509604352
1662120350551605248
1662120350596606208
1662120350638607104
1662120350683608064
1662120350728609024
1662120350770609920
1662120350812610816
1662120350857611776
1662120350902612736
1662120350944613632
1662120350986614528
1662120351028615424
1662120351067616256
1662120351109617152
1662120351151618048
1662120351193618944
1662120351235619840
1662120351280620800
1662120351325621760
1662120351367622656
1662120351409623552
1662120351451624448
1662120351496625408
1662120351547626496
1662120351589627392
1662120351637628416
1662120351679629312
1662120351721630208
1662120351766631168
1662120351811632128
1662120351856633088
1662120351898633984
1662120351940634880
1662120351985635840
1662120352027636736
1662120352069637632
1662120352111638528
1662120352153639424
1662120352195640320
1662120352240641280
1662120352285642240
1662120352324643072
1662120352366643968
1662120352408644864
1662120352447645696
1662120352489646592
1662120352534647552
1662120352573648384
1662120352621649408
1662120352663650304
1662120352705651200
1662120352750652160
1662120352795653120
1662120352837654016
1662120352882654976
1662120352924655872
1662120352972656896
1662120353011657728
1662120353053658624
1662120353098659584
1662120353143660544
1662120353185661440
1662120353227662336
1662120353272663296
1662120353320664320
1662120353365665280
1662120353410666240
1662120353452667136
1662120353494668032
1662120353539668992
1662120353581669888
1662120353632670976
1662120353683672064
1662120353725672960
1662120353767673856
1662120353812674816
1662120353854675712
1662120353902676736
1662120353947677696
1662120353992678656
1662120354037679616
1662120354079680512
1662120354121681408
1662120354166682368
1662120354208683264
1662120354250684160
1662120354292685056
1662120354334685952
1662120354376686848
1662120354418687744
1662120354463688704
1662120354505689600
1662120354547690496
1662120354592691456
1662120354637692416
1662120354682693376
1662120354727694336
1662120354775695360
1662120354817696256
1662120354859697152
1662120354901698048
1662120354940698880
1662120354982699776
1662120355024700672
1662120355066701568
1662120355114702592
1662120355162703616
1662120355210704640
1662120355249705472
1662120355297706496
1662120355336707328
1662120355378708224
1662120355420709120
1662120355459709952
1662120355504710912
1662120355555712000
1662120355600712960
1662120355648713984
1662120355690714880
1662120355732715776
1662120355777716736
1662120355819717632
1662120355861718528
1662120355903719424
1662120355945720320
1662120355987721216
1662120356029722112
1662120356077723136
1662120356122724096
1662120356161724928
1662120356203725824
1662120356245726720
1662120356290727680
1662120356338728704
1662120356383729664
1662120356428730624
1662120356470731520
1662120356518732544
1662120356560733440
1662120356605734400
1662120356647735296
1662120356689736192
1662120356731737088
1662120356773737984
1662120356815738880
1662120356857739776
1662120356896740608
1662120356944741632
1662120356986742528
1662120357025743360
1662120357070744320
1662120357109745152
1662120357154746112
1662120357196747008
1662120357241747968
1662120357277748736
1662120357319749632
1662120357361750528
1662120357406751488
1662120357454752512
1662120357499753472
1662120357541754368
1662120357586755328
1662120357625756160
1662120357664756992
1662120357712758016
1662120357754758912
1662120357793759744
1662120357835760640
1662120357880761600
1662120357925762560
1662120357973763584
1662120358015764480
1662120358060765440
1662120358102766336
1662120358147767296
1662120358195768320
1662120358237769216
1662120358285770240
1662120358327771136
1662120358375772160
1662120358417773056
1662120358459773952
1662120358501774848
1662120358543775744
1662120358591776768
1662120358636777728
1662120358678778624
1662120358726779648
1662120358771780608
1662120358813781504
1662120358852782336
1662120358894783232
1662120358933784064
1662120358975784960
1662120359020785920
1662120359065786880
1662120359107787776
1662120359158788864
1662120359200789760
1662120359242790656
1662120359284791552
1662120359326792448
1662120359368793344
1662120359407794176
1662120359452795136
1662120359494796032
1662120359539796992
1662120359581797888
1662120359623798784
1662120359671799808
1662120359713800704
1662120359755801600
1662120359803802624
1662120359845803520
1662120359887804416
1662120359926805248
1662120359971806208
1662120360013807104
1662120360064808192
1662120360106809088
1662120360148809984
1662120360190810880
1662120360232811776
1662120360274812672
1662120360316813568
1662120360361814528
1662120360403815424
1662120360445816320
1662120360487817216
1662120360529818112
1662120360571819008
1662120360613819904
1662120360658820864
1662120360703821824
1662120360748822784
1662120360787823616
1662120360829824512
1662120360877825536
1662120360919826432
1662120360964827392
1662120361009828352
1662120361054829312
1662120361105830400
1662120361150831360
1662120361189832192
1662120361231833088
1662120361276834048
1662120361318834944
1662120361360835840
1662120361408836864
1662120361450837760
1662120361489838592
1662120361531839488
1662120361573840384
1662120361615841280
1662120361660842240
1662120361702843136
1662120361747844096
1662120361786844928
1662120361831845888
1662120361876846848
1662120361918847744
1662120361963848704
1662120362008849664
1662120362053850624
1662120362092851456
1662120362137852416
1662120362179853312
1662120362224854272
1662120362266855168
1662120362308856064
1662120362347856896
1662120362389857792
1662120362428858624
1662120362470859520
1662120362515860480
1662120362554861312
1662120362596862208
1662120362641863168
1662120362680864000
1662120362725864960
1662120362767865856
1662120362815866880
1662120362857867776
1662120362905868800
1662120362947869696
1662120362995870720
1662120363037871616
1662120363082872576
1662120363124873472
1662120363166874368
1662120363208875264
1662120363247876096
1662120363289876992
1662120363331877888
1662120363373878784
1662120363415879680
1662120363454880512
1662120363499881472
1662120363544882432
1662120363589883392
1662120363634884352
1662120363676885248
1662120363718886144
1662120363760887040
1662120363802887936
1662120363847888896
1662120363886889728
1662120363928890624
1662120363973891584
1662120364018892544
1662120364060893440
1662120364102894336
1662120364147895296
1662120364192896256
1662120364231897088
1662120364273897984
1662120364315898880
1662120364360899840
1662120364405900800
1662120364447901696
1662120364489902592
1662120364531903488
1662120364573904384
1662120364618905344
1662120364666906368
1662120364708907264
1662120364756908288
1662120364798909184
1662120364843910144
1662120364888911104
1662120364930912000
1662120364975912960
1662120365020913920
1662120365065914880
1662120365110915840
1662120365158916864
1662120365200917760
1662120365242918656
1662120365284919552
1662120365323920384
1662120365365921280
1662120365407922176
1662120365449923072
1662120365488923904
1662120365527924736
1662120365566925568
1662120365611926528
1662120365653927424
1662120365698928384
1662120365743929344
1662120365788930304
1662120365830931200
1662120365872932096
1662120365917933056
1662120365959933952
1662120365998934784
1662120366040935680
1662120366082936576
1662120366124937472
1662120366166938368
1662120366211939328
1662120366253940224
1662120366301941248
1662120366343942144
1662120366397943296
1662120366442944256
1662120366484945152
1662120366529946112
1662120366574947072
1662120366619948032
1662120366661948928
1662120366706949888
1662120366748950784
1662120366790951680
1662120366835952640
1662120366874953472
1662120366916954368
1662120366955955200
1662120366994956032
1662120367039956992
1662120367081957888
1662120367126958848
1662120367168959744
1662120367210960640
1662120367249961472
1662120367294962432
1662120367336963328
1662120367375964160
1662120367420965120
1662120367465966080
1662120367507966976
1662120367546967808
1662120367591968768
1662120367636969728
1662120367675970560
1662120367714971392
1662120367759972352
1662120367801973248
1662120367846974208
1662120367888975104
1662120367933976064
1662120367975976960
1662120368020977920
1662120368065978880
1662120368110979840
1662120368152980736
1662120368194981632
1662120368236982528
1662120368275983360
1662120368320984320
1662120368359985152
1662120368404986112
1662120368446987008
1662120368485987840
1662120368530988800
1662120368575989760
1662120368617990656
1662120368662991616
1662120368704992512
1662120368746993408
1662120368791994368
1662120368833995264
1662120368875996160
1662120368920997120
1662120368965998080
1662120369010999040
1662120369056000000
1662120369101000960
1662120369146001920
1662120369188002816
1662120369230003712
1662120369272004608
1662120369317005568
1662120369359006464
1662120369404007424
1662120369449008384
1662120369500009472
1662120369542010368
1662120369584011264
1662120369623012096
1662120369665012992
1662120369704013824
1662120369749014784
1662120369794015744
1662120369836016640
1662120369878017536
1662120369923018496
1662120369965019392
1662120370007020288
1662120370046021120
1662120370088022016
1662120370130022912
1662120370175023872
1662120370217024768
1662120370259025664
1662120370298026496
1662120370340027392
1662120370385028352
1662120370427029248
1662120370469030144
1662120370511031040
1662120370556032000
1662120370604033024
1662120370652034048
1662120370697035008
1662120370739035904
1662120370781036800
1662120370826037760
1662120370877038848
1662120370919039744
1662120370961040640
1662120371000041472
1662120371045042432
1662120371087043328
1662120371126044160
1662120371162044928
1662120371207045888
1662120371252046848
1662120371294047744
1662120371336048640
1662120371381049600
1662120371423050496
1662120371468051456
1662120371510052352
1662120371552053248
1662120371597054208
1662120371642055168
1662120371690056192
1662120371735057152
1662120371786058240
1662120371828059136
1662120371867059968
1662120371912060928
1662120371960061952
1662120372005062912
1662120372053063936
1662120372098064896
1662120372143065856
1662120372185066752
1662120372227067648
1662120372272068608
1662120372317069568
1662120372362070528
1662120372407071488
1662120372452072448
1662120372494073344
1662120372536074240
1662120372578075136
1662120372623076096
1662120372668077056
1662120372713078016
1662120372755078912
1662120372800079872
1662120372839080704
1662120372881081600
1662120372923082496
1662120372968083456
1662120373016084480
1662120373055085312
1662120373097086208
1662120373139087104
1662120373178087936
1662120373220088832
1662120373262089728
1662120373307090688
1662120373355091712
1662120373394092544
1662120373436093440
1662120373481094400
1662120373523095296
1662120373565096192
1662120373604097024
1662120373652098048
1662120373697099008
1662120373748100096
1662120373790100992
1662120373832101888
1662120373874102784
1662120373919103744
1662120373961104640
1662120374000105472
1662120374045106432
1662120374090107392
1662120374138108416
1662120374183109376
1662120374225110272
1662120374270111232
1662120374312112128
1662120374354113024
1662120374396113920
1662120374438114816
1662120374480115712
1662120374525116672
1662120374564117504
1662120374609118464
1662120374651119360
1662120374699120384
1662120374741121280
1662120374786122240
1662120374831123200
1662120374873124096
1662120374918125056
1662120374966126080
1662120375008126976
1662120375056128000
1662120375101128960
1662120375146129920
1662120375188130816
1662120375236131840
1662120375278132736
1662120375323133696
1662120375365134592
1662120375413135616
1662120375455136512
1662120375497137408
1662120375539138304
1662120375581139200
1662120375626140160
1662120375668141056
1662120375707141888
1662120375752142848
1662120375794143744
1662120375839144704
1662120375884145664
1662120375929146624
1662120375968147456
1662120376010148352
1662120376052149248
1662120376094150144
1662120376136151040
1662120376175151872
1662120376226152960
1662120376268153856
1662120376310154752
1662120376355155712
1662120376394156544
1662120376436157440
1662120376481158400
1662120376523159296
1662120376562160128
1662120376604161024
1662120376646161920
1662120376688162816
1662120376730163712
1662120376775164672
1662120376817165568
1662120376859166464
1662120376907167488
1662120376952168448
1662120376991169280
1662120377036170240
1662120377081171200
1662120377123172096
1662120377165172992
1662120377204173824
1662120377246174720
1662120377288175616
1662120377330176512
1662120377372177408
1662120377414178304
1662120377456179200
1662120377495180032
1662120377537180928
1662120377579181824
1662120377621182720
1662120377666183680
1662120377711184640
1662120377759185664
1662120377801186560
1662120377843187456
1662120377882188288
1662120377927189248
1662120377966190080
1662120378011191040
1662120378053191936
1662120378098192896
1662120378140193792
1662120378185194752
1662120378224195584
1662120378266196480
1662120378308197376
1662120378350198272
1662120378392199168
1662120378440200192
1662120378482201088
1662120378527202048
1662120378569202944
1662120378611203840
1662120378656204800
1662120378701205760
1662120378746206720
1662120378791207680
1662120378833208576
1662120378875209472
1662120378917210368
1662120378959211264
1662120378998212096
1662120379040212992
1662120379082213888
1662120379121214720
1662120379160215552
1662120379202216448
1662120379247217408
1662120379289218304
1662120379331219200
1662120379373220096
1662120379418221056
1662120379460221952
1662120379505222912
1662120379547223808
1662120379604225024
1662120379652226048
1662120379691226880
1662120379733227776
1662120379775228672
1662120379820229632
1662120379868230656
1662120379913231616
1662120379955232512
1662120379997233408
1662120380042234368
1662120380078235136
1662120380123236096
1662120380165236992
1662120380216238080
1662120380258238976
1662120380300239872
1662120380339240704
1662120380384241664
1662120380426242560
1662120380468243456
1662120380513244416
1662120380564245504
1662120380609246464
1662120380654247424
1662120380693248256
1662120380735249152
1662120380777250048
1662120380816250880
1662120380858251776
1662120380906252800
1662120380954253824
1662120380999254784
1662120381041255680
1662120381083256576
1662120381128257536
1662120381170258432
1662120381212259328
1662120381251260160
1662120381293261056
1662120381335261952
1662120381377262848
1662120381428263936
1662120381473264896
1662120381512265728
1662120381557266688
1662120381599267584
1662120381641268480
1662120381686269440
1662120381734270464
1662120381776271360
1662120381815272192
1662120381857273088
1662120381902274048
1662120381950275072
1662120381995276032
1662120382037276928
1662120382082277888
1662120382127278848
1662120382169279744
1662120382214280704
1662120382256281600
1662120382301282560
1662120382343283456
1662120382385284352
1662120382424285184
1662120382463286016
1662120382508286976
1662120382547287808
1662120382589288704
1662120382631289600
1662120382676290560
1662120382721291520
1662120382763292416
1662120382808293376
1662120382850294272
1662120382898295296
1662120382937296128
1662120382976296960
1662120383018297856
1662120383063298816
1662120383105299712
1662120383147300608
1662120383192301568
1662120383234302464
1662120383279303424
1662120383321304320
1662120383366305280
1662120383417306368
1662120383462307328
1662120383504308224
1662120383552309248
1662120383594310144
1662120383636311040
1662120383678311936
1662120383720312832
1662120383768313856
1662120383813314816
1662120383858315776
1662120383903316736
1662120383945317632
1662120383987318528
1662120384032319488
1662120384071320320
1662120384113321216
1662120384155322112
1662120384200323072
1662120384242323968
1662120384287324928
1662120384329325824
1662120384371326720
1662120384413327616
1662120384455328512
1662120384500329472
1662120384542330368
1662120384587331328
1662120384632332288
1662120384674333184
1662120384719334144
1662120384761335040
1662120384803335936
1662120384845336832
1662120384890337792
1662120384935338752
1662120384974339584
1662120385025340672
1662120385070341632
1662120385112342528
1662120385160343552
1662120385202344448
1662120385241345280
1662120385283346176
1662120385325347072
1662120385370348032
1662120385418349056
1662120385463350016
1662120385514351104
1662120385556352000
1662120385598352896
1662120385637353728
1662120385679354624
1662120385721355520
1662120385766356480
1662120385805357312
1662120385847358208
1662120385889359104
1662120385934360064
1662120385976360960
1662120386021361920
1662120386066362880
1662120386108363776
1662120386147364608
1662120386186365440
1662120386231366400
1662120386270367232
1662120386315368192
1662120386360369152
1662120386405370112
1662120386447371008
1662120386486371840
1662120386531372800
1662120386576373760
1662120386615374592
1662120386660375552
1662120386699376384
1662120386738377216
1662120386783378176
1662120386822379008
1662120386870380032
1662120386912380928
1662120386951381760
1662120386993382656
1662120387032383488
1662120387083384576
1662120387122385408
1662120387164386304
1662120387206387200
1662120387248388096
1662120387293389056
1662120387335389952
1662120387371390720
1662120387416391680
1662120387461392640
1662120387503393536
1662120387548394496
1662120387590395392
1662120387629396224
1662120387668397056
1662120387713398016
1662120387755398912
1662120387800399872
1662120387842400768
1662120387887401728
1662120387929402624
1662120387971403520
1662120388016404480
1662120388055405312
1662120388097406208
1662120388142407168
1662120388184408064
1662120388223408896
1662120388265409792
1662120388304410624
1662120388346411520
1662120388388412416
1662120388430413312
1662120388472414208
1662120388520415232
1662120388565416192
1662120388607417088
1662120388649417984
1662120388688418816
1662120388733419776
1662120388778420736
1662120388823421696
1662120388862422528
1662120388904423424
1662120388946424320
1662120388991425280
1662120389036426240
1662120389078427136
1662120389123428096
1662120389165428992
1662120389204429824
1662120389252430848
1662120389291431680
1662120389333432576
1662120389375433472
1662120389414434304
1662120389456435200
1662120389498436096
1662120389540436992
1662120389585437952
1662120389627438848
1662120389669439744
1662120389711440640
1662120389756441600
1662120389798442496
1662120389846443520
1662120389888444416
1662120389933445376
1662120389972446208
1662120390014447104
1662120390056448000
1662120390101448960
1662120390143449856
1662120390185450752
1662120390233451776
1662120390278452736
1662120390323453696
1662120390365454592
1662120390410455552
1662120390455456512
1662120390497457408
1662120390533458176
1662120390575459072
1662120390617459968
1662120390659460864
1662120390704461824
1662120390749462784
1662120390791463680
1662120390836464640
1662120390878465536
1662120390923466496
1662120390974467584
1662120391013468416
1662120391055469312
1662120391097470208
1662120391145471232
1662120391187472128
1662120391229473024
1662120391271473920
1662120391319474944
1662120391358475776
1662120391403476736
1662120391445477632
1662120391487478528
1662120391529479424
1662120391571480320
1662120391613481216
1662120391655482112
1662120391700483072
1662120391739483904
1662120391784484864
1662120391835485952
1662120391883486976
1662120391925487872
1662120391967488768
1662120392012489728
1662120392057490688
1662120392099491584
1662120392144492544
1662120392186493440
1662120392231494400
1662120392273495296
1662120392312496128
1662120392357497088
1662120392399497984
1662120392444498944
1662120392492499968
1662120392543501056
1662120392585501952
1662120392630502912
1662120392669503744
1662120392711504640
1662120392753505536
1662120392801506560
1662120392846507520
1662120392891508480
1662120392933509376
1662120392981510400
1662120393026511360
1662120393068512256
1662120393113513216
1662120393158514176
1662120393200515072
