1662122091767260928
1662122091809261824
1662122091851262720
1662122091893263616
1662122091935264512
1662122091980265472
1662122092022266368
1662122092064267264
1662122092106268160
1662122092148269056
1662122092193270016
1662122092232270848
1662122092280271872
1662122092322272768
1662122092364273664
1662122092412274688
1662122092454275584
1662122092493276416
1662122092535277312
1662122092580278272
1662122092625279232
1662122092667280128
1662122092709281024
1662122092751281920
1662122092796282880
1662122092847283968
1662122092889284864
1662122092931285760
1662122092970286592
1662122093015287552
1662122093060288512
1662122093105289472
1662122093153290496
1662122093201291520
1662122093240292352
1662122093282293248
1662122093324294144
1662122093366295040
1662122093408295936
1662122093453296896
1662122093501297920
1662122093543298816
1662122093591299840
1662122093633300736
1662122093675301632
1662122093723302656
1662122093768303616
1662122093810304512
1662122093855305472
1662122093894306304
1662122093939307264
1662122093981308160
1662122094023309056
1662122094065309952
1662122094110310912
1662122094146311680
1662122094191312640
1662122094227313408
1662122094275314432
1662122094317315328
1662122094359316224
1662122094395316992
1662122094437317888
1662122094482318848
1662122094524319744
1662122094566320640
1662122094611321600
1662122094653322496
1662122094695323392
1662122094740324352
1662122094782325248
1662122094824326144
1662122094872327168
1662122094917328128
1662122094965329152
1662122095007330048
1662122095052331008
1662122095094331904
1662122095139332864
1662122095181333760
1662122095220334592
1662122095265335552
1662122095316336640
1662122095358337536
1662122095406338560
1662122095454339584
1662122095496340480
1662122095541341440
1662122095586342400
1662122095625343232
1662122095667344128
1662122095709345024
1662122095751345920
1662122095793346816
1662122095835347712
1662122095874348544
1662122095916349440
1662122095958350336
1662122096000351232
1662122096045352192
1662122096084353024
1662122096120353792
1662122096162354688
1662122096204355584
1662122096243356416
1662122096279357184
1662122096327358208
1662122096375359232
1662122096417360128
1662122096453360896
1662122096495361792
1662122096540362752
1662122096585363712
1662122096627364608
1662122096669365504
1662122096717366528
1662122096759367424
1662122096801368320
1662122096843369216
1662122096885370112
1662122096924370944
1662122096966371840
1662122097005372672
1662122097047373568
1662122097089374464
1662122097134375424
1662122097179376384
1662122097221377280
1662122097263378176
1662122097305379072
1662122097347379968
1662122097395380992
1662122097437381888
1662122097479382784
1662122097521383680
1662122097563384576
1662122097605385472
1662122097656386560
1662122097704387584
1662122097743388416
1662122097785389312
1662122097836390400
1662122097881391360
1662122097923392256
1662122097968393216
1662122098010394112
1662122098052395008
1662122098094395904
1662122098136396800
1662122098178397696
1662122098226398720
1662122098271399680
1662122098316400640
1662122098358401536
1662122098397402368
1662122098439403264
1662122098481404160
1662122098529405184
1662122098577406208
1662122098628407296
1662122098670408192
1662122098712409088
1662122098757410048
1662122098796410880
1662122098841411840
1662122098883412736
1662122098922413568
1662122098970414592
1662122099012415488
1662122099054416384
1662122099096417280
1662122099141418240
1662122099183419136
1662122099222419968
1662122099267420928
1662122099315421952
1662122099360422912
1662122099405423872
1662122099450424832
1662122099498425856
1662122099537426688
1662122099585427712
1662122099624428544
1662122099669429504
1662122099711430400
1662122099753431296
1662122099798432256
1662122099843433216
1662122099888434176
1662122099933435136
1662122099969435904
1662122100014436864
1662122100056437760
1662122100101438720
1662122100146439680
1662122100197440768
1662122100236441600
1662122100281442560
1662122100323443456
1662122100365444352
1662122100410445312
1662122100449446144
1662122100494447104
1662122100536448000
1662122100578448896
1662122100617449728
1662122100659450624
1662122100701451520
1662122100743452416
1662122100785453312
1662122100824454144
1662122100866455040
1662122100908455936
1662122100950456832
1662122100992457728
1662122101037458688
1662122101079459584
1662122101124460544
1662122101160461312
1662122101205462272
1662122101244463104
1662122101298464256
1662122101340465152
1662122101379465984
1662122101421466880
1662122101466467840
1662122101514468864
1662122101556469760
1662122101601470720
1662122101649471744
1662122101694472704
1662122101733473536
1662122101784474624
1662122101826475520
1662122101865476352
1662122101904477184
1662122101949478144
1662122101997479168
1662122102042480128
1662122102090481152
1662122102129481984
1662122102171482880
1662122102213483776
1662122102255484672
1662122102297485568
1662122102342486528
1662122102384487424
1662122102423488256
1662122102465489152
1662122102507490048
1662122102546490880
1662122102588491776
1662122102627492608
1662122102663493376
1662122102705494272
1662122102747495168
1662122102789496064
1662122102834497024
1662122102876497920
1662122102918498816
1662122102960499712
1662122103005500672
1662122103044501504
1662122103089502464
1662122103131503360
1662122103176504320
1662122103221505280
1662122103263506176
1662122103308507136
1662122103350508032
1662122103392508928
1662122103437509888
1662122103479510784
1662122103515511552
1662122103557512448
1662122103593513216
1662122103635514112
1662122103680515072
1662122103725516032
1662122103767516928
1662122103809517824
1662122103845518592
1662122103887519488
1662122103932520448
1662122103974521344
1662122104019522304
1662122104061523200
1662122104106524160
1662122104148525056
1662122104184525824
1662122104223526656
1662122104268527616
1662122104310528512
1662122104355529472
1662122104397530368
1662122104439531264
1662122104478532096
1662122104520532992
1662122104562533888
1662122104604534784
1662122104646535680
1662122104688536576
1662122104730537472
1662122104772538368
1662122104814539264
1662122104859540224
1662122104904541184
1662122104949542144
1662122104988542976
1662122105027543808
1662122105072544768
1662122105114545664
1662122105159546624
1662122105201547520
1662122105243548416
1662122105285549312
1662122105327550208
1662122105366551040
1662122105408551936
1662122105450552832
1662122105489553664
1662122105531554560
1662122105573555456
1662122105615556352
1662122105657557248
1662122105699558144
1662122105747559168
1662122105789560064
1662122105834561024
1662122105882562048
1662122105924562944
1662122105969563904
1662122106008564736
1662122106053565696
1662122106092566528
1662122106134567424
1662122106173568256
1662122106215569152
1662122106251569920
1662122106290570752
1662122106326571520
1662122106374572544
1662122106416573440
1662122106461574400
1662122106506575360
1662122106548576256
1662122106584577024
1662122106626577920
1662122106665578752
1662122106707579648
1662122106752580608
1662122106794581504
1662122106836582400
1662122106881583360
1662122106923584256
1662122106965585152
1662122107007586048
1662122107055587072
1662122107097587968
1662122107136588800
1662122107172589568
1662122107214590464
1662122107259591424
1662122107307592448
1662122107349593344
1662122107394594304
1662122107433595136
1662122107472595968
1662122107517596928
1662122107556597760
1662122107598598656
1662122107643599616
1662122107682600448
1662122107724601344
1662122107769602304
1662122107814603264
1662122107862604288
1662122107904605184
1662122107949606144
1662122107991607040
1662122108030607872
1662122108075608832
1662122108117609728
1662122108159610624
1662122108207611648
1662122108249612544
1662122108291613440
1662122108339614464
1662122108387615488
1662122108429616384
1662122108471617280
1662122108516618240
1662122108558619136
1662122108600620032
1662122108642620928
1662122108687621888
1662122108729622784
1662122108774623744
1662122108816624640
1662122108861625600
1662122108909626624
1662122108951627520
1662122108990628352
1662122109035629312
1662122109083630336
1662122109125631232
1662122109164632064
1662122109206632960
1662122109245633792
1662122109287634688
1662122109332635648
1662122109368636416
1662122109410637312
1662122109452638208
1662122109491639040
1662122109539640064
1662122109587641088
1662122109635642112
1662122109674642944
1662122109716643840
1662122109761644800
1662122109803645696
1662122109845646592
1662122109887647488
1662122109929648384
1662122109968649216
1662122110010650112
1662122110055651072
1662122110097651968
1662122110136652800
1662122110178653696
1662122110220654592
1662122110265655552
1662122110307656448
1662122110352657408
1662122110394658304
1662122110436659200
1662122110481660160
1662122110526661120
1662122110571662080
1662122110613662976
1662122110661664000
1662122110703664896
1662122110748665856
1662122110793666816
1662122110835667712
1662122110880668672
1662122110919669504
1662122110970670592
1662122111012671488
1662122111054672384
1662122111093673216
1662122111138674176
1662122111186675200
1662122111225676032
1662122111267676928
1662122111309677824
1662122111351678720
1662122111393679616
1662122111435680512
1662122111477681408
1662122111522682368
1662122111570683392
1662122111615684352
1662122111657685248
1662122111702686208
1662122111747687168
1662122111789688064
1662122111834689024
1662122111876689920
1662122111918690816
1662122111963691776
1662122112005692672
1662122112047693568
1662122112089694464
1662122112134695424
1662122112182696448
1662122112224697344
1662122112266698240
1662122112308699136
1662122112353700096
1662122112395700992
1662122112434701824
1662122112476702720
1662122112521703680
1662122112572704768
1662122112617705728
1662122112656706560
1662122112698707456
1662122112746708480
1662122112788709376
1662122112833710336
1662122112875711232
1662122112914712064
1662122112953712896
1662122112998713856
1662122113037714688
1662122113079715584
1662122113118716416
1662122113154717184
1662122113196718080
1662122113235718912
1662122113277719808
1662122113319720704
1662122113355721472
1662122113400722432
1662122113448723456
1662122113487724288
1662122113529725184
1662122113571726080
1662122113613726976
1662122113655727872
1662122113700728832
1662122113742729728
1662122113784730624
1662122113826731520
1662122113871732480
1662122113913733376
1662122113958734336
1662122114006735360
1662122114048736256
1662122114090737152
1662122114132738048
1662122114177739008
1662122114222739968
1662122114264740864
1662122114309741824
1662122114354742784
1662122114396743680
1662122114438744576
1662122114489745664
1662122114534746624
1662122114579747584
1662122114627748608
1662122114669749504
1662122114708750336
1662122114750751232
1662122114792752128
1662122114837753088
1662122114882754048
1662122114921754880
1662122114966755840
1662122115008756736
1662122115059757824
1662122115110758912
1662122115149759744
1662122115194760704
1662122115236761600
1662122115278762496
1662122115320763392
1662122115365764352
1662122115404765184
1662122115446766080
1662122115491767040
1662122115533767936
1662122115575768832
1662122115620769792
1662122115662770688
1662122115707771648
1662122115749772544
1662122115788773376
1662122115830774272
1662122115875775232
1662122115917776128
1662122115959777024
1662122115998777856
1662122116043778816
1662122116088779776
1662122116136780800
1662122116175781632
1662122116217782528
1662122116265783552
1662122116307784448
1662122116352785408
1662122116394786304
1662122116430787072
1662122116475788032
1662122116517788928
1662122116562789888
1662122116604790784
1662122116643791616
1662122116685792512
1662122116727793408
1662122116769794304
1662122116811795200
1662122116856796160
1662122116901797120
1662122116943798016
1662122116985798912
1662122117033799936
1662122117075800832
1662122117114801664
1662122117153802496
1662122117192803328
1662122117240804352
1662122117282805248
1662122117324806144
1662122117363806976
1662122117408807936
1662122117450808832
1662122117495809792
1662122117540810752
1662122117582811648
1662122117627812608
1662122117669813504
1662122117711814400
1662122117759815424
1662122117798816256
1662122117846817280
1662122117888818176
1662122117933819136
1662122117978820096
1662122118023821056
1662122118068822016
1662122118113822976
1662122118161824000
1662122118206824960
1662122118248825856
1662122118287826688
1662122118332827648
1662122118374828544
1662122118416829440
1662122118461830400
1662122118503831296
1662122118548832256
1662122118593833216
1662122118638834176
1662122118680835072
1662122118722835968
1662122118764836864
1662122118806837760
1662122118848838656
1662122118890839552
1662122118935840512
1662122118977841408
1662122119019842304
1662122119061843200
1662122119100844032
1662122119145844992
1662122119187845888
1662122119226846720
1662122119271847680
1662122119319848704
1662122119364849664
1662122119403850496
1662122119442851328
1662122119484852224
1662122119526853120
1662122119571854080
1662122119613854976
1662122119652855808
1662122119697856768
1662122119739857664
1662122119778858496
1662122119823859456
1662122119874860544
1662122119922861568
1662122119964862464
1662122120009863424
1662122120054864384
1662122120096865280
1662122120138866176
1662122120180867072
1662122120222867968
1662122120270868992
1662122120315869952
1662122120360870912
1662122120405871872
1662122120450872832
1662122120486873600
1662122120525874432
1662122120567875328
1662122120609876224
1662122120648877056
1662122120690877952
1662122120732878848
1662122120777879808
1662122120819880704
1662122120858881536
1662122120903882496
1662122120948883456
1662122120987884288
1662122121023885056
1662122121068886016
1662122121110886912
1662122121152887808
1662122121194888704
1662122121239889664
1662122121281890560
1662122121320891392
1662122121365892352
1662122121407893248
1662122121449894144
1662122121491895040
1662122121536896000
1662122121581896960
1662122121626897920
1662122121668898816
1662122121710899712
1662122121752900608
1662122121797901568
1662122121836902400
1662122121878903296
1662122121923904256
1662122121968905216
1662122122007906048
1662122122049906944
1662122122091907840
1662122122136908800
1662122122178909696
1662122122223910656
1662122122265911552
1662122122307912448
1662122122349913344
1662122122394914304
1662122122436915200
1662122122481916160
1662122122520916992
1662122122568918016
1662122122616919040
1662122122661920000
1662122122703920896
1662122122745921792
1662122122790922752
1662122122832923648
1662122122874924544
1662122122913925376
1662122122955926272
1662122123000927232
1662122123042928128
1662122123087929088
1662122123132930048
1662122123171930880
1662122123210931712
1662122123249932544
1662122123288933376
1662122123330934272
1662122123372935168
1662122123414936064
1662122123456936960
1662122123498937856
1662122123540938752
1662122123579939584
1662122123621940480
1662122123663941376
1662122123708942336
1662122123753943296
1662122123795944192
1662122123837945088
1662122123879945984
1662122123918946816
1662122123960947712
1662122124005948672
1662122124047949568
1662122124092950528
1662122124134951424
1662122124179952384
1662122124224953344
1662122124266954240
1662122124311955200
1662122124359956224
1662122124398957056
1662122124440957952
1662122124482958848
1662122124530959872
1662122124572960768
1662122124617961728
1662122124659962624
1662122124701963520
1662122124743964416
1662122124788965376
1662122124833966336
1662122124878967296
1662122124923968256
1662122124968969216
1662122125013970176
1662122125058971136
1662122125097971968
1662122125139972864
1662122125181973760
1662122125226974720
1662122125271975680
1662122125310976512
1662122125361977600
1662122125400978432
1662122125445979392
1662122125493980416
1662122125535981312
1662122125583982336
1662122125625983232
1662122125670984192
1662122125709985024
1662122125751985920
1662122125793986816
1662122125835987712
1662122125874988544
1662122125916989440
1662122125961990400
1662122126003991296
1662122126045992192
1662122126087993088
1662122126129993984
1662122126171994880
1662122126219995904
1662122126264996864
1662122126303997696
1662122126351998720
1662122126393999616
1662122126436000512
1662122126478001408
1662122126523002368
1662122126565003264
1662122126601004032
1662122126640004864
1662122126685005824
1662122126727006720
1662122126769007616
1662122126808008448
1662122126850009344
1662122126895010304
1662122126940011264
1662122126985012224
1662122127021012992
1662122127063013888
1662122127105014784
1662122127144015616
1662122127189016576
1662122127231017472
1662122127273018368
1662122127315019264
1662122127363020288
1662122127408021248
1662122127462022400
1662122127507023360
1662122127549024256
1662122127594025216
1662122127639026176
1662122127681027072
1662122127729028096
1662122127783029248
1662122127828030208
1662122127867031040
1662122127909031936
1662122127954032896
1662122127999033856
1662122128044034816
1662122128086035712
1662122128125036544
1662122128170037504
1662122128212038400
1662122128257039360
1662122128302040320
1662122128347041280
1662122128389042176
1662122128440043264
1662122128479044096
1662122128518044928
1662122128557045760
1662122128599046656
1662122128644047616
1662122128689048576
1662122128737049600
1662122128776050432
1662122128824051456
1662122128866052352
1662122128908053248
1662122128950054144
1662122128992055040
1662122129034055936
1662122129073056768
1662122129115057664
1662122129160058624
1662122129208059648
1662122129247060480
1662122129295061504
1662122129340062464
1662122129382063360
1662122129427064320
1662122129472065280
1662122129517066240
1662122129559067136
1662122129601068032
1662122129640068864
1662122129679069696
1662122129727070720
1662122129766071552
1662122129808072448
1662122129844073216
1662122129889074176
1662122129934075136
1662122129976076032
1662122130021076992
1662122130066077952
1662122130114078976
1662122130159079936
1662122130198080768
1662122130240081664
1662122130282082560
1662122130330083584
1662122130369084416
1662122130414085376
1662122130456086272
1662122130498087168
1662122130540088064
1662122130582088960
1662122130624089856
1662122130669090816
1662122130711091712
1662122130753092608
1662122130798093568
1662122130840094464
1662122130885095424
1662122130927096320
1662122130969097216
1662122131011098112
1662122131056099072
1662122131095099904
1662122131137100800
1662122131182101760
1662122131227102720
1662122131263103488
1662122131305104384
1662122131350105344
1662122131395106304
1662122131437107200
1662122131482108160
1662122131527109120
1662122131566109952
1662122131605110784
1662122131647111680
1662122131689112576
1662122131737113600
1662122131776114432
1662122131821115392
1662122131863116288
1662122131905117184
1662122131947118080
1662122131989118976
1662122132028119808
1662122132073120768
1662122132115121664
1662122132154122496
1662122132205123584
1662122132247124480
1662122132286125312
1662122132325126144
1662122132370127104
1662122132409127936
1662122132454128896
1662122132502129920
1662122132541130752
1662122132583131648
1662122132628132608
1662122132670133504
1662122132712134400
1662122132754135296
1662122132799136256
1662122132838137088
1662122132877137920
1662122132919138816
1662122132964139776
1662122133006140672
1662122133051141632
1662122133093142528
1662122133135143424
1662122133180144384
1662122133225145344
1662122133267146240
1662122133309147136
1662122133351148032
1662122133393148928
1662122133438149888
1662122133480150784
1662122133525151744
1662122133567152640
1662122133609153536
1662122133654154496
1662122133696155392
1662122133744156416
1662122133786157312
1662122133831158272
1662122133876159232
1662122133921160192
1662122133966161152
1662122134011162112
1662122134059163136
1662122134101164032
1662122134143164928
1662122134188165888
1662122134233166848
1662122134281167872
1662122134326168832
1662122134368169728
1662122134410170624
1662122134452171520
1662122134500172544
1662122134539173376
1662122134584174336
1662122134626175232
1662122134668176128
1662122134710177024
1662122134755177984
1662122134797178880
1662122134839179776
1662122134887180800
1662122134932181760
1662122134971182592
1662122135013183488
1662122135052184320
1662122135094185216
1662122135133186048
1662122135175186944
1662122135217187840
1662122135262188800
1662122135310189824
1662122135355190784
1662122135400191744
1662122135442192640
1662122135487193600
1662122135526194432
1662122135571195392
1662122135613196288
1662122135652197120
1662122135697198080
1662122135736198912
1662122135781199872
1662122135823200768
1662122135868201728
1662122135907202560
1662122135952203520
1662122135994204416
1662122136039205376
1662122136081206272
1662122136123207168
1662122136168208128
1662122136207208960
1662122136252209920
1662122136297210880
1662122136342211840
1662122136381212672
1662122136426213632
1662122136471214592
1662122136516215552
1662122136561216512
1662122136600217344
1662122136642218240
1662122136684219136
1662122136726220032
1662122136771220992
1662122136813221888
1662122136861222912
1662122136903223808
1662122136951224832
1662122136993225728
1662122137035226624
1662122137083227648
1662122137125228544
1662122137167229440
1662122137209230336
1662122137254231296
1662122137290232064
1662122137335233024
1662122137371233792
1662122137416234752
1662122137461235712
1662122137503236608
1662122137551237632
1662122137596238592
1662122137641239552
1662122137683240448
1662122137728241408
1662122137770242304
1662122137815243264
1662122137857244160
1662122137902245120
1662122137950246144
1662122137998247168
1662122138037248000
1662122138082248960
1662122138127249920
1662122138169250816
1662122138214251776
1662122138265252864
1662122138307253760
1662122138349254656
1662122138391255552
1662122138433256448
1662122138478257408
1662122138520258304
1662122138565259264
1662122138610260224
1662122138652261120
1662122138688261888
1662122138730262784
1662122138772263680
1662122138817264640
1662122138862265600
1662122138901266432
1662122138940267264
1662122138991268352
1662122139030269184
1662122139072270080
1662122139117271040
1662122139159271936
1662122139201272832
1662122139240273664
1662122139282274560
1662122139327275520
1662122139369276416
1662122139411277312
1662122139450278144
1662122139492279040
1662122139534279936
1662122139579280896
1662122139621281792
1662122139660282624
1662122139702283520
1662122139747284480
1662122139792285440
1662122139837286400
1662122139879287296
1662122139921288192
1662122139963289088
1662122140002289920
1662122140044290816
1662122140089291776
1662122140128292608
1662122140170293504
1662122140209294336
1662122140251295232
1662122140296296192
1662122140338297088
1662122140383298048
1662122140428299008
1662122140470299904
1662122140512300800
1662122140560301824
1662122140611302912
1662122140659303936
1662122140704304896
1662122140746305792
1662122140791306752
1662122140833307648
1662122140872308480
1662122140914309376
1662122140959310336
1662122141004311296
1662122141049312256
1662122141094313216
1662122141136314112
1662122141178315008
1662122141223315968
1662122141268316928
1662122141313317888
1662122141352318720
1662122141394319616
1662122141436320512
1662122141478321408
1662122141523322368
1662122141565323264
1662122141610324224
1662122141658325248
1662122141706326272
1662122141742327040
1662122141790328064
1662122141832328960
1662122141871329792
1662122141916330752
1662122141961331712
1662122142006332672
1662122142045333504
1662122142087334400
1662122142129335296
1662122142174336256
1662122142216337152
1662122142261338112
1662122142303339008
1662122142351340032
1662122142393340928
1662122142435341824
1662122142480342784
1662122142522343680
1662122142561344512
1662122142603345408
1662122142648346368
1662122142693347328
1662122142735348224
1662122142783349248
1662122142825350144
1662122142867351040
1662122142915352064
1662122142960353024
1662122143002353920
1662122143041354752
1662122143086355712
1662122143131356672
1662122143173357568
1662122143215358464
1662122143260359424
1662122143299360256
1662122143341361152
1662122143383362048
1662122143425362944
1662122143467363840
1662122143512364800
1662122143563365888
1662122143605366784
1662122143644367616
1662122143683368448
1662122143725369344
1662122143767370240
1662122143812371200
1662122143854372096
1662122143893372928
1662122143935373824
1662122143980374784
1662122144022375680
1662122144064376576
1662122144112377600
1662122144154378496
1662122144199379456
1662122144247380480
1662122144289381376
1662122144331382272
1662122144373383168
1662122144418384128
1662122144454384896
1662122144499385856
1662122144541386752
1662122144583387648
1662122144628388608
1662122144664389376
1662122144709390336
1662122144754391296
1662122144793392128
1662122144838393088
1662122144883394048
1662122144925394944
1662122144973395968
1662122145021396992
1662122145063397888
1662122145105398784
1662122145144399616
1662122145189400576
1662122145231401472
1662122145270402304
1662122145315403264
1662122145360404224
1662122145408405248
1662122145459406336
1662122145504407296
1662122145546408192
1662122145588409088
1662122145633410048
1662122145678411008
1662122145720411904
1662122145765412864
1662122145813413888
1662122145855414784
1662122145903415808
1662122145948416768
1662122145987417600
1662122146032418560
1662122146074419456
1662122146122420480
1662122146167421440
1662122146212422400
1662122146257423360
1662122146302424320
1662122146344425216
1662122146389426176
1662122146434427136
1662122146476428032
1662122146521428992
1662122146563429888
1662122146605430784
1662122146647431680
1662122146689432576
1662122146734433536
1662122146779434496
1662122146821435392
1662122146863436288
1662122146908437248
1662122146950438144
1662122146992439040
1662122147034439936
1662122147070440704
1662122147112441600
1662122147163442688
1662122147205443584
1662122147244444416
1662122147289445376
1662122147331446272
1662122147373447168
1662122147415448064
1662122147454448896
1662122147496449792
1662122147541450752
1662122147583451648
1662122147625452544
1662122147670453504
1662122147712454400
1662122147754455296
1662122147796456192
1662122147838457088
1662122147886458112
1662122147931459072
1662122147973459968
1662122148018460928
1662122148063461888
1662122148105462784
1662122148150463744
1662122148192464640
1662122148240465664
1662122148279466496
1662122148321467392
1662122148366468352
1662122148408469248
1662122148447470080
1662122148492471040
1662122148534471936
1662122148576472832
1662122148621473792
1662122148663474688
1662122148705475584
1662122148747476480
1662122148792477440
1662122148837478400
1662122148882479360
1662122148930480384
1662122148972481280
1662122149014482176
1662122149059483136
1662122149104484096
1662122149146484992
1662122149191485952
1662122149233486848
1662122149281487872
1662122149323488768
1662122149365489664
1662122149407490560
1662122149449491456
1662122149491492352
1662122149536493312
1662122149575494144
1662122149617495040
1662122149659495936
1662122149704496896
1662122149746497792
1662122149788498688
1662122149830499584
1662122149872500480
1662122149914501376
1662122149956502272
1662122150001503232
1662122150043504128
1662122150088505088
1662122150127505920
1662122150169506816
1662122150208507648
1662122150250508544
1662122150292509440
1662122150334510336
1662122150379511296
1662122150421512192
1662122150463513088
1662122150511514112
1662122150553515008
1662122150592515840
1662122150634516736
1662122150679517696
1662122150721518592
1662122150763519488
1662122150805520384
1662122150847521280
1662122150895522304
1662122150940523264
1662122150988524288
1662122151033525248
1662122151078526208
1662122151123527168
1662122151165528064
1662122151210529024
1662122151252529920
1662122151297530880
1662122151342531840
1662122151384532736
1662122151423533568
1662122151465534464
1662122151513535488
1662122151561536512
1662122151603537408
1662122151648538368
1662122151690539264
1662122151735540224
1662122151777541120
1662122151819542016
1662122151858542848
1662122151903543808
1662122151942544640
1662122151987545600
1662122152035546624
1662122152077547520
1662122152119548416
1662122152164549376
1662122152209550336
1662122152254551296
1662122152293552128
1662122152335553024
1662122152374553856
1662122152416554752
1662122152455555584
1662122152497556480
1662122152548557568
1662122152587558400
1662122152632559360
1662122152674560256
1662122152725561344
1662122152770562304
1662122152815563264
1662122152857564160
1662122152902565120
1662122152941565952
1662122152986566912
1662122153028567808
1662122153073568768
1662122153115569664
1662122153157570560
1662122153199571456
1662122153244572416
1662122153286573312
1662122153331574272
1662122153376575232
1662122153418576128
1662122153463577088
1662122153505577984
1662122153550578944
1662122153586579712
1662122153637580800
1662122153679581696
1662122153721582592
1662122153760583424
1662122153805584384
1662122153853585408
1662122153901586432
1662122153943587328
1662122153982588160
1662122154021588992
1662122154063589888
1662122154111590912
1662122154153591808
1662122154198592768
1662122154243593728
1662122154285594624
1662122154324595456
1662122154369596416
1662122154411597312
1662122154447598080
1662122154489598976
1662122154534599936
1662122154579600896
1662122154624601856
1662122154666602752
1662122154708603648
1662122154750604544
1662122154795605504
1662122154837606400
1662122154879607296
1662122154924608256
1662122154972609280
1662122155014610176
1662122155056611072
1662122155095611904
1662122155137612800
1662122155179613696
1662122155221614592
1662122155260615424
1662122155305616384
1662122155347617280
1662122155389618176
1662122155434619136
1662122155479620096
1662122155524621056
1662122155569622016
1662122155611622912
1662122155650623744
1662122155695624704
1662122155737625600
1662122155779626496
1662122155824627456
1662122155866628352
1662122155914629376
1662122155953630208
1662122155995631104
1662122156043632128
1662122156088633088
1662122156130633984
1662122156172634880
1662122156214635776
1662122156259636736
1662122156307637760
1662122156349638656
1662122156397639680
1662122156436640512
1662122156481641472
1662122156535642624
1662122156574643456
1662122156619644416
1662122156667645440
1662122156709646336
1662122156751647232
1662122156799648256
1662122156841649152
1662122156883650048
1662122156928651008
1662122156973651968
1662122157015652864
1662122157057653760
1662122157102654720
1662122157144655616
1662122157183656448
1662122157231657472
1662122157273658368
1662122157315659264
1662122157363660288
1662122157408661248
1662122157450662144
1662122157498663168
1662122157537664000
1662122157576664832
1662122157618665728
1662122157663666688
1662122157705667584
1662122157747668480
1662122157789669376
1662122157837670400
1662122157882671360
1662122157924672256
1662122157966673152
1662122158014674176
1662122158062675200
1662122158101676032
1662122158149677056
1662122158191677952
1662122158236678912
1662122158275679744
1662122158317680640
1662122158353681408
1662122158395682304
1662122158440683264
1662122158482684160
1662122158524685056
1662122158572686080
1662122158617687040
1662122158662688000
1662122158704688896
1662122158746689792
1662122158791690752
1662122158830691584
1662122158872692480
1662122158911693312
1662122158953694208
1662122158998695168
1662122159043696128
1662122159085697024
1662122159127697920
1662122159163698688
1662122159205699584
1662122159247700480
1662122159292701440
1662122159337702400
1662122159382703360
1662122159421704192
1662122159463705088
1662122159502705920
1662122159550706944
1662122159589707776
1662122159634708736
1662122159673709568
1662122159727710720
1662122159766711552
1662122159808712448
1662122159850713344
1662122159895714304
1662122159940715264
1662122159982716160
1662122160021716992
1662122160063717888
1662122160108718848
1662122160153719808
1662122160201720832
1662122160240721664
1662122160282722560
1662122160324723456
1662122160366724352
1662122160408725248
1662122160456726272
1662122160501727232
1662122160546728192
1662122160588729088
1662122160636730112
1662122160684731136
1662122160732732160
1662122160774733056
1662122160816733952
1662122160861734912
1662122160903735808
1662122160942736640
1662122160984737536
1662122161026738432
1662122161068739328
1662122161113740288
1662122161158741248
1662122161203742208
1662122161245743104
1662122161287744000
1662122161332744960
1662122161377745920
1662122161419746816
1662122161461747712
1662122161503748608
1662122161545749504
1662122161593750528
1662122161635751424
1662122161680752384
1662122161722753280
1662122161764754176
1662122161806755072
1662122161845755904
1662122161884756736
1662122161926757632
1662122161974758656
1662122162016759552
1662122162052760320
1662122162091761152
1662122162133762048
1662122162178763008
1662122162223763968
1662122162265764864
1662122162313765888
1662122162355766784
1662122162397767680
1662122162439768576
1662122162484769536
1662122162523770368
1662122162565771264
1662122162607772160
1662122162652773120
1662122162694774016
1662122162733774848
1662122162778775808
1662122162823776768
1662122162868777728
1662122162910778624
1662122162949779456
1662122162991780352
1662122163039781376
1662122163084782336
1662122163126783232
1662122163168784128
1662122163213785088
1662122163258786048
1662122163297786880
1662122163339787776
1662122163378788608
1662122163420789504
1662122163456790272
1662122163504791296
1662122163549792256
1662122163591793152
1662122163633794048
1662122163675794944
1662122163717795840
1662122163762796800
1662122163804797696
1662122163849798656
1662122163888799488
1662122163930800384
1662122163972801280
1662122164011802112
1662122164050802944
1662122164092803840
1662122164134804736
1662122164176805632
1662122164221806592
1662122164263807488
1662122164305808384
1662122164347809280
1662122164392810240
1662122164431811072
1662122164470811904
1662122164512812800
1662122164548813568
1662122164593814528
1662122164635815424
1662122164677816320
1662122164719817216
1662122164764818176
1662122164812819200
1662122164857820160
1662122164893820928
1662122164938821888
1662122164980822784
1662122165025823744
1662122165070824704
1662122165112825600
1662122165157826560
1662122165202827520
1662122165244828416
1662122165283829248
1662122165325830144
1662122165367831040
1662122165412832000
1662122165454832896
1662122165499833856
1662122165544834816
1662122165586835712
1662122165628836608
1662122165670837504
1662122165715838464
1662122165760839424
1662122165805840384
1662122165853841408
1662122165895842304
1662122165934843136
1662122165979844096
1662122166021844992
1662122166063845888
1662122166105846784
1662122166147847680
1662122166189848576
1662122166231849472
1662122166276850432
1662122166321851392
1662122166360852224
1662122166405853184
1662122166450854144
1662122166492855040
1662122166531855872
1662122166570856704
1662122166615857664
1662122166657858560
1662122166702859520
1662122166744860416
1662122166786861312
1662122166831862272
1662122166876863232
1662122166912864000
1662122166951864832
1662122166993865728
1662122167035866624
1662122167077867520
1662122167116868352
1662122167161869312
1662122167206870272
1662122167248871168
1662122167296872192
1662122167344873216
1662122167386874112
1662122167428875008
1662122167470875904
1662122167515876864
1662122167560877824
1662122167599878656
1662122167638879488
1662122167680880384
1662122167722881280
1662122167767882240
1662122167815883264
1662122167857884160
1662122167899885056
1662122167944886016
1662122167989886976
1662122168034887936
1662122168079888896
1662122168121889792
1662122168163890688
1662122168211891712
1662122168253892608
1662122168298893568
1662122168331894272
1662122168373895168
1662122168415896064
1662122168460897024
1662122168502897920
1662122168544898816
1662122168586899712
1662122168631900672
1662122168670901504
1662122168721902592
1662122168763903488
1662122168808904448
1662122168850905344
1662122168892906240
1662122168931907072
1662122168970907904
1662122169012908800
1662122169057909760
1662122169096910592
1662122169138911488
1662122169180912384
1662122169219913216
1662122169264914176
1662122169306915072
1662122169354916096
1662122169393916928
1662122169438917888
1662122169483918848
1662122169522919680
1662122169567920640
1662122169609921536
1662122169657922560
1662122169702923520
1662122169744924416
1662122169786925312
1662122169828926208
1662122169870927104
1662122169912928000
1662122169957928960
1662122169999929856
1662122170041930752
1662122170089931776
1662122170128932608
1662122170170933504
1662122170209934336
1662122170254935296
1662122170296936192
1662122170341937152
1662122170389938176
1662122170434939136
1662122170476940032
1662122170521940992
1662122170563941888
1662122170611942912
1662122170659943936
1662122170707944960
1662122170749945856
1662122170794946816
1662122170839947776
1662122170881948672
1662122170920949504
1662122170965950464
1662122171016951552
1662122171061952512
1662122171106953472
1662122171148954368
1662122171193955328
1662122171235956224
1662122171280957184
1662122171322958080
1662122171364958976
1662122171406959872
1662122171451960832
1662122171493961728
1662122171541962752
1662122171583963648
1662122171625964544
1662122171667965440
1662122171715966464
1662122171763967488
1662122171805968384
1662122171847969280
1662122171892970240
1662122171940971264
1662122171982972160
1662122172024973056
1662122172066973952
1662122172111974912
1662122172153975808
1662122172195976704
1662122172237977600
1662122172279978496
1662122172318979328
1662122172357980160
1662122172402981120
1662122172444982016
1662122172489982976
1662122172531983872
1662122172576984832
1662122172618985728
1662122172663986688
1662122172705987584
1662122172750988544
1662122172795989504
1662122172837990400
1662122172882991360
1662122172924992256
1662122172966993152
1662122173011994112
1662122173053995008
1662122173095995904
1662122173134996736
1662122173185997824
1662122173227998720
1662122173275999744
1662122173318000640
1662122173363001600
1662122173405002496
1662122173447003392
1662122173492004352
1662122173537005312
1662122173582006272
1662122173627007232
1662122173672008192
1662122173717009152
1662122173759010048
1662122173804011008
1662122173849011968
1662122173894012928
1662122173939013888
1662122173981014784
1662122174023015680
1662122174065016576
1662122174107017472
1662122174149018368
1662122174194019328
1662122174236020224
1662122174284021248
1662122174329022208
1662122174371023104
1662122174416024064
1662122174461025024
1662122174503025920
1662122174545026816
1662122174593027840
1662122174638028800
1662122174680029696
1662122174722030592
1662122174764031488
1662122174800032256
1662122174845033216
1662122174887034112
1662122174926034944
1662122174968035840
1662122175007036672
1662122175049037568
1662122175091038464
1662122175136039424
1662122175175040256
1662122175220041216
1662122175262042112
1662122175307043072
1662122175352044032
1662122175394044928
1662122175442045952
1662122175484046848
1662122175535047936
1662122175577048832
1662122175625049856
1662122175667050752
1662122175712051712
1662122175754052608
1662122175799053568
1662122175841054464
1662122175883055360
1662122175925056256
1662122175973057280
1662122176015058176
1662122176057059072
1662122176102060032
1662122176144060928
1662122176189061888
1662122176231062784
1662122176273063680
1662122176312064512
1662122176354065408
1662122176396066304
1662122176432067072
1662122176474067968
1662122176516068864
1662122176558069760
1662122176600070656
1662122176636071424
1662122176681072384
1662122176726073344
1662122176768074240
1662122176816075264
1662122176858076160
1662122176900077056
1662122176948078080
1662122176990078976
1662122177032079872
1662122177077080832
1662122177119081728
1662122177161082624
1662122177203083520
1662122177245084416
1662122177287085312
1662122177332086272
1662122177374087168
1662122177416088064
1662122177461089024
1662122177506089984
1662122177554091008
1662122177596091904
1662122177635092736
1662122177680093696
1662122177725094656
1662122177770095616
1662122177815096576
1662122177860097536
1662122177905098496
1662122177947099392
1662122177986100224
1662122178028101120
1662122178070102016
1662122178112102912
1662122178154103808
1662122178202104832
1662122178241105664
1662122178280106496
1662122178325107456
1662122178370108416
1662122178415109376
1662122178454110208
1662122178502111232
1662122178547112192
1662122178589113088
1662122178634114048
1662122178679115008
1662122178724115968
1662122178766116864
1662122178814117888
1662122178859118848
1662122178910119936
1662122178955120896
1662122179003121920
1662122179051122944
1662122179096123904
1662122179138124800
1662122179180125696
1662122179228126720
1662122179267127552
1662122179312128512
1662122179363129600
1662122179405130496
1662122179450131456
1662122179498132480
1662122179540133376
1662122179579134208
1662122179624135168
1662122179666136064
1662122179711137024
1662122179753137920
1662122179798138880
1662122179840139776
1662122179885140736
1662122179930141696
1662122179972142592
1662122180014143488
1662122180056144384
1662122180098145280
1662122180137146112
1662122180176146944
1662122180227148032
1662122180269148928
1662122180314149888
1662122180356150784
1662122180395151616
1662122180437152512
1662122180479153408
1662122180521154304
1662122180566155264
1662122180608156160
1662122180653157120
1662122180695158016
1662122180734158848
1662122180776159744
1662122180821160704
1662122180863161600
1662122180908162560
1662122180956163584
1662122181001164544
1662122181049165568
1662122181091166464
1662122181133167360
1662122181172168192
1662122181217169152
1662122181262170112
1662122181310171136
1662122181355172096
1662122181400173056
1662122181442173952
1662122181484174848
1662122181526175744
1662122181571176704
1662122181613177600
1662122181652178432
1662122181694179328
1662122181736180224
1662122181772180992
1662122181817181952
1662122181862182912
1662122181907183872
1662122181949184768
1662122181994185728
1662122182042186752
1662122182081187584
1662122182117188352
1662122182159189248
1662122182198190080
1662122182243191040
1662122182285191936
1662122182327192832
1662122182369193728
1662122182411194624
1662122182456195584
1662122182498196480
1662122182540197376
1662122182582198272
1662122182624199168
1662122182666200064
1662122182708200960
1662122182750201856
1662122182795202816
1662122182837203712
1662122182882204672
1662122182927205632
1662122182969206528
1662122183011207424
1662122183059208448
1662122183098209280
1662122183137210112
1662122183182211072
1662122183224211968
1662122183269212928
1662122183308213760
1662122183353214720
1662122183395215616
1662122183437216512
1662122183476217344
1662122183515218176
1662122183557219072
1662122183599219968
1662122183641220864
1662122183689221888
1662122183731222784
1662122183776223744
1662122183821224704
1662122183863225600
1662122183908226560
1662122183947227392
1662122183989228288
1662122184034229248
1662122184076230144
1662122184121231104
1662122184163232000
1662122184202232832
1662122184247233792
1662122184292234752
1662122184334235648
1662122184376236544
1662122184421237504
1662122184463238400
1662122184508239360
1662122184553240320
1662122184595241216
1662122184637242112
1662122184679243008
1662122184721243904
1662122184763244800
1662122184808245760
1662122184850246656
1662122184892247552
1662122184934248448
1662122184976249344
1662122185015250176
1662122185057251072
1662122185099251968
1662122185144252928
1662122185192253952
1662122185234254848
1662122185276255744
1662122185321256704
1662122185366257664
1662122185411258624
1662122185450259456
1662122185492260352
1662122185531261184
1662122185579262208
1662122185627263232
1662122185672264192
1662122185717265152
1662122185759266048
1662122185807267072
1662122185849267968
1662122185888268800
1662122185930269696
1662122185966270464
1662122186011271424
1662122186053272320
1662122186095273216
1662122186137274112
1662122186173274880
1662122186218275840
1662122186260276736
1662122186299277568
1662122186341278464
1662122186383279360
1662122186428280320
1662122186473281280
1662122186515282176
1662122186563283200
1662122186614284288
1662122186656285184
1662122186701286144
1662122186746287104
1662122186788288000
1662122186833288960
1662122186878289920
1662122186917290752
1662122186962291712
1662122187004292608
1662122187049293568
1662122187088294400
1662122187130295296
1662122187175296256
1662122187220297216
1662122187262298112
1662122187301298944
1662122187343299840
1662122187382300672
1662122187424301568
1662122187463302400
1662122187505303296
1662122187544304128
1662122187586305024
1662122187631305984
1662122187673306880
1662122187715307776
1662122187757308672
1662122187802309632
1662122187844310528
1662122187889311488
1662122187934312448
1662122187979313408
1662122188024314368
1662122188063315200
1662122188111316224
1662122188153317120
1662122188201318144
1662122188243319040
1662122188294320128
1662122188336321024
1662122188378321920
1662122188423322880
1662122188465323776
1662122188504324608
1662122188549325568
1662122188591326464
1662122188636327424
1662122188681328384
1662122188723329280
1662122188768330240
1662122188813331200
1662122188858332160
1662122188906333184
1662122188951334144
1662122188996335104
1662122189041336064
1662122189086337024
1662122189128337920
1662122189173338880
1662122189221339904
1662122189263340800
1662122189305341696
1662122189350342656
1662122189395343616
1662122189431344384
1662122189476345344
1662122189518346240
1662122189560347136
1662122189605348096
1662122189647348992
1662122189692349952
1662122189737350912
1662122189782351872
1662122189827352832
1662122189872353792
1662122189917354752
1662122189962355712
1662122190007356672
1662122190052357632
1662122190097358592
1662122190139359488
1662122190181360384
1662122190220361216
1662122190265362176
1662122190307363072
1662122190352364032
1662122190397364992
1662122190436365824
1662122190475366656
1662122190520367616
1662122190565368576
1662122190613369600
1662122190661370624
1662122190700371456
1662122190742372352
1662122190787373312
1662122190829374208
1662122190874375168
1662122190916376064
1662122190964377088
1662122191006377984
1662122191048378880
1662122191099379968
1662122191141380864
1662122191186381824
1662122191228382720
1662122191276383744
1662122191318384640
1662122191360385536
1662122191405386496
1662122191444387328
1662122191489388288
1662122191531389184
1662122191570390016
1662122191609390848
1662122191651391744
1662122191690392576
1662122191732393472
1662122191774394368
1662122191813395200
1662122191855396096
1662122191897396992
1662122191936397824
1662122191978398720
1662122192020399616
1662122192062400512
1662122192101401344
1662122192143402240
1662122192185403136
1662122192227404032
1662122192269404928
1662122192311405824
1662122192350406656
1662122192395407616
1662122192437408512
1662122192476409344
1662122192518410240
1662122192563411200
1662122192608412160
1662122192650413056
1662122192695414016
1662122192740414976
1662122192782415872
1662122192824416768
1662122192869417728
1662122192914418688
1662122192956419584
1662122193001420544
1662122193040421376
1662122193082422272
1662122193127423232
1662122193166424064
1662122193208424960
1662122193247425792
1662122193289426688
1662122193331427584
1662122193370428416
1662122193415429376
1662122193454430208
1662122193499431168
1662122193541432064
1662122193589433088
1662122193631433984
1662122193676434944
1662122193721435904
1662122193763436800
1662122193808437760
1662122193850438656
1662122193889439488
1662122193934440448
1662122193976441344
1662122194018442240
1662122194057443072
1662122194093443840
1662122194135444736
1662122194186445824
1662122194231446784
1662122194270447616
1662122194309448448
1662122194348449280
1662122194390450176
1662122194432451072
1662122194471451904
1662122194513452800
1662122194558453760
1662122194603454720
1662122194645455616
1662122194690456576
1662122194729457408
1662122194777458432
1662122194819459328
1662122194864460288
1662122194906461184
1662122194954462208
1662122194999463168
1662122195044464128
1662122195089465088
1662122195131465984
1662122195179467008
1662122195224467968
1662122195266468864
1662122195308469760
1662122195353470720
1662122195395471616
1662122195443472640
1662122195488473600
1662122195533474560
1662122195572475392
1662122195614476288
1662122195656477184
1662122195698478080
1662122195740478976
1662122195782479872
1662122195821480704
1662122195866481664
1662122195908482560
1662122195953483520
1662122195992484352
1662122196037485312
1662122196082486272
1662122196127487232
1662122196169488128
1662122196211489024
1662122196253489920
1662122196292490752
1662122196334491648
1662122196373492480
1662122196415493376
1662122196454494208
1662122196496495104
1662122196538496000
1662122196580496896
1662122196622497792
1662122196667498752
1662122196709499648
1662122196748500480
1662122196793501440
1662122196838502400
1662122196880503296
1662122196922504192
1662122196967505152
1662122197015506176
1662122197057507072
1662122197099507968
1662122197138508800
1662122197180509696
1662122197222510592
1662122197264511488
1662122197309512448
1662122197351513344
1662122197393514240
1662122197441515264
1662122197483516160
1662122197528517120
1662122197570518016
1662122197621519104
1662122197663520000
1662122197705520896
1662122197747521792
1662122197789522688
1662122197834523648
1662122197879524608
1662122197921525504
1662122197963526400
1662122198005527296
1662122198044528128
1662122198086529024
1662122198131529984
1662122198176530944
1662122198218531840
1662122198263532800
1662122198302533632
1662122198347534592
1662122198395535616
1662122198434536448
1662122198482537472
1662122198521538304
1662122198563539200
1662122198605540096
1662122198644540928
1662122198680541696
1662122198722542592
1662122198767543552
1662122198806544384
1662122198851545344
1662122198890546176
1662122198938547200
1662122198986548224
1662122199025549056
1662122199064549888
1662122199103550720
1662122199145551616
1662122199193552640
1662122199241553664
1662122199283554560
1662122199331555584
1662122199376556544
1662122199415557376
1662122199463558400
1662122199508559360
1662122199553560320
1662122199601561344
1662122199640562176
1662122199682563072
1662122199727564032
1662122199769564928
1662122199814565888
1662122199862566912
1662122199904567808
1662122199943568640
1662122199994569728
1662122200033570560
1662122200078571520
1662122200120572416
1662122200159573248
1662122200204574208
1662122200240574976
1662122200285575936
1662122200330576896
1662122200369577728
1662122200420578816
1662122200459579648
1662122200498580480
1662122200540581376
1662122200582582272
1662122200621583104
1662122200666584064
1662122200708584960
1662122200753585920
1662122200795586816
1662122200834587648
1662122200876588544
1662122200918589440
