1662015311059723520
1662015311101724416
1662015311146725376
1662015311203726592
1662015311248727552
1662015311293728512
1662015311335729408
1662015311377730304
1662015311422731264
1662015311464732160
1662015311506733056
1662015311548733952
1662015311590734848
1662015311635735808
1662015311677736704
1662015311719737600
1662015311761738496
1662015311809739520
1662015311857740544
1662015311902741504
1662015311944742400
1662015311986743296
1662015312031744256
1662015312076745216
1662015312130746368
1662015312169747200
1662015312208748032
1662015312253748992
1662015312295749888
1662015312340750848
1662015312379751680
1662015312424752640
1662015312463753472
1662015312508754432
1662015312550755328
1662015312592756224
1662015312631757056
1662015312679758080
1662015312724759040
1662015312766759936
1662015312811760896
1662015312856761856
1662015312901762816
1662015312943763712
1662015312985764608
1662015313027765504
1662015313075766528
1662015313117767424
1662015313159768320
1662015313201769216
1662015313240770048
1662015313282770944
1662015313327771904
1662015313369772800
1662015313411773696
1662015313456774656
1662015313498775552
1662015313540776448
1662015313591777536
1662015313630778368
1662015313672779264
1662015313717780224
1662015313756781056
1662015313801782016
1662015313843782912
1662015313885783808
1662015313927784704
1662015313972785664
1662015314014786560
1662015314056787456
1662015314101788416
1662015314143789312
1662015314185790208
1662015314227791104
1662015314272792064
1662015314317793024
1662015314362793984
1662015314413795072
1662015314455795968
1662015314497796864
1662015314539797760
1662015314581798656
1662015314626799616
1662015314668800512
1662015314716801536
1662015314761802496
1662015314803803392
1662015314848804352
1662015314896805376
1662015314938806272
1662015314980807168
1662015315028808192
1662015315073809152
1662015315115810048
1662015315154810880
1662015315199811840
1662015315238812672
1662015315280813568
1662015315328814592
1662015315379815680
1662015315427816704
1662015315475817728
1662015315532818944
1662015315577819904
1662015315619820800
1662015315670821888
1662015315721822976
1662015315766823936
1662015315814824960
1662015315859825920
1662015315904826880
1662015315949827840
1662015315991828736
1662015316033829632
1662015316078830592
1662015316126831616
1662015316174832640
1662015316219833600
1662015316270834688
1662015316315835648
1662015316366836736
1662015316414837760
1662015316462838784
1662015316507839744
1662015316552840704
1662015316597841664
1662015316648842752
1662015316690843648
1662015316729844480
1662015316774845440
1662015316822846464
1662015316867847424
1662015316909848320
1662015316951849216
1662015316993850112
1662015317038851072
1662015317083852032
1662015317128852992
1662015317170853888
1662015317218854912
1662015317260855808
1662015317302856704
1662015317344857600
1662015317389858560
1662015317434859520
1662015317473860352
1662015317515861248
1662015317560862208
1662015317605863168
1662015317647864064
1662015317692865024
1662015317740866048
1662015317782866944
1662015317830867968
1662015317872868864
1662015317914869760
1662015317962870784
1662015318010871808
1662015318058872832
1662015318109873920
1662015318148874752
1662015318193875712
1662015318235876608
1662015318280877568
1662015318325878528
1662015318367879424
1662015318412880384
1662015318454881280
1662015318499882240
1662015318547883264
1662015318589884160
1662015318631885056
1662015318682886144
1662015318727887104
1662015318769888000
1662015318814888960
1662015318859889920
1662015318907890944
1662015318952891904
1662015318994892800
1662015319036893696
1662015319078894592
1662015319120895488
1662015319162896384
1662015319207897344
1662015319249898240
1662015319291899136
1662015319339900160
1662015319387901184
1662015319432902144
1662015319474903040
1662015319516903936
1662015319561904896
1662015319609905920
1662015319654906880
1662015319699907840
1662015319741908736
1662015319792909824
1662015319840910848
1662015319891911936
1662015319939912960
1662015319981913856
1662015320023914752
1662015320077915904
1662015320125916928
1662015320167917824
1662015320209918720
1662015320251919616
1662015320296920576
1662015320338921472
1662015320389922560
1662015320437923584
1662015320485924608
1662015320530925568
1662015320575926528
1662015320617927424
1662015320659928320
1662015320704929280
1662015320746930176
1662015320791931136
1662015320839932160
1662015320881933056
1662015320926934016
1662015320968934912
1662015321010935808
1662015321058936832
1662015321103937792
1662015321145938688
1662015321193939712
1662015321241940736
1662015321283941632
1662015321328942592
1662015321373943552
1662015321415944448
1662015321454945280
1662015321499946240
1662015321541947136
1662015321592948224
1662015321637949184
1662015321685950208
1662015321727951104
1662015321775952128
1662015321817953024
1662015321859953920
1662015321901954816
1662015321943955712
1662015321985956608
1662015322033957632
1662015322084958720
1662015322126959616
1662015322171960576
1662015322222961664
1662015322267962624
1662015322309963520
1662015322351964416
1662015322396965376
1662015322438966272
1662015322483967232
1662015322528968192
1662015322567969024
1662015322609969920
1662015322651970816
1662015322699971840
1662015322741972736
1662015322786973696
1662015322828974592
1662015322876975616
1662015322918976512
1662015322966977536
1662015323008978432
1662015323059979520
1662015323101980416
1662015323143981312
1662015323188982272
1662015323230983168
1662015323272984064
1662015323314984960
1662015323359985920
1662015323404986880
1662015323455987968
1662015323494988800
1662015323542989824
1662015323584990720
1662015323629991680
1662015323671992576
1662015323713993472
1662015323755994368
1662015323803995392
1662015323848996352
1662015323896997376
1662015323938998272
1662015323980999168
1662015324026000128
1662015324071001088
1662015324113001984
1662015324164003072
1662015324206003968
1662015324251004928
1662015324293005824
1662015324338006784
1662015324386007808
1662015324431008768
1662015324473009664
1662015324515010560
1662015324560011520
1662015324605012480
1662015324653013504
1662015324695014400
1662015324740015360
1662015324785016320
1662015324827017216
1662015324875018240
1662015324917019136
1662015324965020160
1662015325013021184
1662015325055022080
1662015325100023040
1662015325145024000
1662015325190024960
1662015325232025856
1662015325274026752
1662015325322027776
1662015325367028736
1662015325412029696
1662015325457030656
1662015325505031680
1662015325547032576
1662015325592033536
1662015325634034432
1662015325676035328
1662015325718036224
1662015325760037120
1662015325805038080
1662015325847038976
1662015325889039872
1662015325934040832
1662015325985041920
1662015326036043008
1662015326084044032
1662015326126044928
1662015326177046016
1662015326225047040
1662015326276048128
1662015326321049088
1662015326363049984
1662015326408050944
1662015326453051904
1662015326495052800
1662015326537053696
1662015326582054656
1662015326627055616
1662015326681056768
1662015326723057664
1662015326771058688
1662015326813059584
1662015326855060480
1662015326897061376
1662015326942062336
1662015326987063296
1662015327029064192
1662015327074065152
1662015327116066048
1662015327161067008
1662015327203067904
1662015327245068800
1662015327290069760
1662015327335070720
1662015327380071680
1662015327419072512
1662015327464073472
1662015327509074432
1662015327554075392
1662015327596076288
1662015327644077312
1662015327686078208
1662015327731079168
1662015327776080128
1662015327818081024
1662015327863081984
1662015327905082880
1662015327950083840
1662015327992084736
1662015328034085632
1662015328076086528
1662015328118087424
1662015328163088384
1662015328205089280
1662015328247090176
1662015328292091136
1662015328334092032
1662015328376092928
1662015328418093824
1662015328457094656
1662015328499095552
1662015328544096512
1662015328589097472
1662015328634098432
1662015328682099456
1662015328724100352
1662015328775101440
1662015328820102400
1662015328868103424
1662015328907104256
1662015328955105280
1662015329012106496
1662015329066107648
1662015329108108544
1662015329153109504
1662015329198110464
1662015329243111424
1662015329288112384
1662015329336113408
1662015329378114304
1662015329423115264
1662015329468116224
1662015329513117184
1662015329555118080
1662015329597118976
1662015329639119872
1662015329681120768
1662015329726121728
1662015329771122688
1662015329816123648
1662015329861124608
1662015329906125568
1662015329948126464
1662015329996127488
1662015330044128512
1662015330086129408
1662015330134130432
1662015330185131520
1662015330227132416
1662015330272133376
1662015330320134400
1662015330368135424
1662015330413136384
1662015330458137344
1662015330506138368
1662015330548139264
1662015330596140288
1662015330638141184
1662015330683142144
1662015330725143040
1662015330770144000
1662015330815144960
1662015330857145856
1662015330914147072
1662015330959148032
1662015331010149120
1662015331049149952
1662015331094150912
1662015331136151808
1662015331178152704
1662015331223153664
1662015331265154560
1662015331310155520
1662015331355156480
1662015331397157376
1662015331442158336
1662015331487159296
1662015331529160192
1662015331571161088
1662015331619162112
1662015331667163136
1662015331709164032
1662015331751164928
1662015331796165888
1662015331847166976
1662015331895168000
1662015331940168960
1662015331994170112
1662015332039171072
1662015332081171968
1662015332123172864
1662015332165173760
1662015332213174784
1662015332255175680
1662015332300176640
1662015332342177536
1662015332384178432
1662015332432179456
1662015332477180416
1662015332525181440
1662015332567182336
1662015332609183232
1662015332654184192
1662015332699185152
1662015332747186176
1662015332792187136
1662015332837188096
1662015332885189120
1662015332930190080
1662015332972190976
1662015333017191936
1662015333065192960
1662015333107193856
1662015333149194752
1662015333191195648
1662015333242196736
1662015333293197824
1662015333335198720
1662015333380199680
1662015333422200576
1662015333470201600
1662015333515202560
1662015333557203456
1662015333602204416
1662015333647205376
1662015333689206272
1662015333734207232
1662015333776208128
1662015333821209088
1662015333863209984
1662015333905210880
1662015333947211776
1662015333992212736
1662015334037213696
1662015334082214656
1662015334124215552
1662015334169216512
1662015334214217472
1662015334259218432
1662015334301219328
1662015334343220224
1662015334385221120
1662015334427222016
1662015334472222976
1662015334520224000
1662015334559224832
1662015334604225792
1662015334649226752
1662015334694227712
1662015334739228672
1662015334781229568
1662015334826230528
1662015334874231552
1662015334925232640
1662015334967233536
1662015335018234624
1662015335063235584
1662015335111236608
1662015335153237504
1662015335195238400
1662015335240239360
1662015335285240320
1662015335330241280
1662015335369242112
1662015335423243264
1662015335465244160
1662015335507245056
1662015335552246016
1662015335597246976
1662015335639247872
1662015335690248960
1662015335735249920
1662015335774250752
1662015335822251776
1662015335864252672
1662015335909253632
1662015335957254656
1662015336005255680
1662015336047256576
1662015336101257728
1662015336149258752
1662015336191259648
1662015336233260544
1662015336275261440
1662015336317262336
1662015336365263360
1662015336407264256
1662015336449265152
1662015336497266176
1662015336536267008
1662015336581267968
1662015336626268928
1662015336671269888
1662015336716270848
1662015336767271936
1662015336812272896
1662015336857273856
1662015336902274816
1662015336950275840
1662015336992276736
1662015337034277632
1662015337076278528
1662015337118279424
1662015337163280384
1662015337208281344
1662015337250282240
1662015337295283200
1662015337343284224
1662015337385285120
1662015337427286016
1662015337469286912
1662015337517287936
1662015337568289024
1662015337610289920
1662015337652290816
1662015337694291712
1662015337733292544
1662015337778293504
1662015337826294528
1662015337871295488
1662015337913296384
1662015337958297344
1662015338000298240
1662015338042299136
1662015338087300096
1662015338135301120
1662015338177302016
1662015338219302912
1662015338258303744
1662015338300304640
1662015338345305600
1662015338396306688
1662015338438307584
1662015338474308352
1662015338519309312
1662015338561310208
1662015338606311168
1662015338645312000
1662015338687312896
1662015338732313856
1662015338774314752
1662015338816315648
1662015338858316544
1662015338900317440
1662015338942318336
1662015338984319232
1662015339026320128
1662015339068321024
1662015339113321984
1662015339161323008
1662015339206323968
1662015339248324864
1662015339296325888
1662015339338326784
1662015339380327680
1662015339422328576
1662015339467329536
1662015339509330432
1662015339551331328
1662015339596332288
1662015339641333248
1662015339686334208
1662015339728335104
1662015339770336000
1662015339809336832
1662015339857337856
1662015339902338816
1662015339944339712
1662015339986340608
1662015340028341504
1662015340079342592
1662015340121343488
1662015340163344384
1662015340205345280
1662015340259346432
1662015340301347328
1662015340346348288
1662015340388349184
1662015340433350144
1662015340475351040
1662015340520352000
1662015340565352960
1662015340613353984
1662015340655354880
1662015340697355776
1662015340745356800
1662015340793357824
1662015340835358720
1662015340874359552
1662015340919360512
1662015340964361472
1662015341006362368
1662015341051363328
1662015341093364224
1662015341141365248
1662015341183366144
1662015341225367040
1662015341270368000
1662015341312368896
1662015341354369792
1662015341399370752
1662015341438371584
1662015341480372480
1662015341525373440
1662015341570374400
1662015341615375360
1662015341663376384
1662015341705377280
1662015341750378240
1662015341798379264
1662015341840380160
1662015341882381056
1662015341930382080
1662015341969382912
1662015342011383808
1662015342053384704
1662015342095385600
1662015342140386560
1662015342185387520
1662015342230388480
1662015342278389504
1662015342326390528
1662015342371391488
1662015342416392448
1662015342458393344
1662015342500394240
1662015342539395072
1662015342581395968
1662015342632397056
1662015342674397952
1662015342716398848
1662015342764399872
1662015342803400704
1662015342845401600
1662015342884402432
1662015342926403328
1662015342968404224
1662015343013405184
1662015343055406080
1662015343097406976
1662015343148408064
1662015343193409024
1662015343238409984
1662015343286411008
1662015343331411968
1662015343373412864
1662015343418413824
1662015343466414848
1662015343511415808
1662015343553416704
1662015343595417600
1662015343637418496
1662015343685419520
1662015343727420416
1662015343772421376
1662015343823422464
1662015343865423360
1662015343907424256
1662015343952425216
1662015343997426176
1662015344039427072
1662015344084428032
1662015344129428992
1662015344177430016
1662015344219430912
1662015344264431872
1662015344315432960
1662015344357433856
1662015344405434880
1662015344447435776
1662015344495436800
1662015344537437696
1662015344585438720
1662015344627439616
1662015344672440576
1662015344717441536
1662015344759442432
1662015344810443520
1662015344855444480
1662015344894445312
1662015344939446272
1662015344987447296
1662015345029448192
1662015345074449152
1662015345119450112
1662015345161451008
1662015345206451968
1662015345248452864
1662015345296453888
1662015345338454784
1662015345380455680
1662015345428456704
1662015345476457728
1662015345521458688
1662015345560459520
1662015345608460544
1662015345656461568
1662015345695462400
1662015345737463296
1662015345779464192
1662015345824465152
1662015345866466048
1662015345914467072
1662015345956467968
1662015346001468928
1662015346052470016
1662015346094470912
1662015346136471808
1662015346184472832
1662015346229473792
1662015346277474816
1662015346322475776
1662015346364476672
1662015346406477568
1662015346448478464
1662015346490479360
1662015346535480320
1662015346577481216
1662015346622482176
1662015346661483008
1662015346706483968
1662015346748484864
1662015346790485760
1662015346835486720
1662015346883487744
1662015346922488576
1662015346964489472
1662015347009490432
1662015347051491328
1662015347093492224
1662015347138493184
1662015347180494080
1662015347222494976
1662015347270496000
1662015347315496960
1662015347354497792
1662015347396498688
1662015347438499584
1662015347483500544
1662015347525501440
1662015347567502336
1662015347609503232
1662015347663504384
1662015347705505280
1662015347750506240
1662015347798507264
1662015347840508160
1662015347885509120
1662015347933510144
1662015347975511040
1662015348017511936
1662015348062512896
1662015348107513856
1662015348155514880
1662015348197515776
1662015348239516672
1662015348284517632
1662015348332518656
1662015348377519616
1662015348419520512
1662015348464521472
1662015348509522432
1662015348557523456
1662015348602524416
1662015348644525312
1662015348683526144
1662015348725527040
1662015348770528000
1662015348812528896
1662015348854529792
1662015348899530752
1662015348944531712
1662015348992532736
1662015349034533632
1662015349076534528
1662015349121535488
1662015349163536384
1662015349205537280
1662015349247538176
1662015349292539136
1662015349343540224
1662015349391541248
1662015349433542144
1662015349475543040
1662015349517543936
1662015349562544896
1662015349604545792
1662015349649546752
1662015349694547712
1662015349739548672
1662015349781549568
1662015349826550528
1662015349865551360
1662015349907552256
1662015349949553152
1662015349994554112
1662015350045555200
1662015350090556160
1662015350135557120
1662015350177558016
1662015350219558912
1662015350255559680
1662015350297560576
1662015350339561472
1662015350387562496
1662015350438563584
1662015350480564480
1662015350522565376
1662015350564566272
1662015350606567168
1662015350651568128
1662015350693569024
1662015350738569984
1662015350786571008
1662015350831571968
1662015350873572864
1662015350918573824
1662015350963574784
1662015351005575680
1662015351050576640
1662015351095577600
1662015351140578560
1662015351182579456
1662015351224580352
1662015351269581312
1662015351314582272
1662015351359583232
1662015351398584064
1662015351443585024
1662015351488585984
1662015351530586880
1662015351575587840
1662015351626588928
1662015351668589824
1662015351716590848
1662015351767591936
1662015351809592832
1662015351857593856
1662015351905594880
1662015351950595840
1662015351992596736
1662015352037597696
1662015352082598656
1662015352127599616
1662015352166600448
1662015352214601472
1662015352256602368
1662015352298603264
1662015352340604160
1662015352373604864
1662015352412605696
1662015352454606592
1662015352499607552
1662015352544608512
1662015352592609536
1662015352637610496
1662015352679611392
1662015352724612352
1662015352769613312
1662015352814614272
1662015352859615232
1662015352901616128
1662015352949617152
1662015352994618112
1662015353036619008
1662015353081619968
1662015353126620928
1662015353174621952
1662015353219622912
1662015353264623872
1662015353309624832
1662015353351625728
1662015353396626688
1662015353438627584
1662015353483628544
1662015353525629440
1662015353564630272
1662015353606631168
1662015353648632064
1662015353690632960
1662015353738633984
1662015353780634880
1662015353822635776
1662015353861636608
1662015353909637632
1662015353954638592
1662015353993639424
1662015354035640320
1662015354083641344
1662015354122642176
1662015354164643072
1662015354209644032
1662015354251644928
1662015354299645952
1662015354341646848
1662015354380647680
1662015354425648640
1662015354470649600
1662015354512650496
1662015354554651392
1662015354599652352
1662015354647653376
1662015354689654272
1662015354731655168
1662015354779656192
1662015354824657152
1662015354863657984
1662015354911659008
1662015354953659904
1662015354992660736
1662015355037661696
1662015355085662720
1662015355130663680
1662015355172664576
1662015355217665536
1662015355259666432
1662015355301667328
1662015355343668224
1662015355388669184
1662015355433670144
1662015355475671040
1662015355520672000
1662015355565672960
1662015355604673792
1662015355649674752
1662015355691675648
1662015355739676672
1662015355781677568
1662015355823678464
1662015355865679360
1662015355907680256
1662015355949681152
1662015355997682176
1662015356042683136
1662015356087684096
1662015356129684992
1662015356174685952
1662015356216686848
1662015356261687808
1662015356303688704
1662015356351689728
1662015356399690752
1662015356441691648
1662015356480692480
1662015356522693376
1662015356564694272
1662015356612695296
1662015356654696192
1662015356699697152
1662015356741698048
1662015356783698944
1662015356828699904
1662015356864700672
1662015356906701568
1662015356951702528
1662015356993703424
1662015357035704320
1662015357083705344
1662015357128706304
1662015357170707200
1662015357212708096
1662015357254708992
1662015357293709824
1662015357338710784
1662015357383711744
1662015357428712704
1662015357482713856
1662015357524714752
1662015357566715648
1662015357611716608
1662015357659717632
1662015357704718592
1662015357746719488
1662015357794720512
1662015357836721408
1662015357884722432
1662015357929723392
1662015357971724288
1662015358013725184
1662015358058726144
1662015358103727104
1662015358145728000
1662015358187728896
1662015358241730048
1662015358280730880
1662015358325731840
1662015358367732736
1662015358409733632
1662015358451734528
1662015358493735424
1662015358544736512
1662015358586737408
1662015358631738368
1662015358676739328
1662015358718740224
1662015358763741184
1662015358811742208
1662015358853743104
1662015358895744000
1662015358943745024
1662015358988745984
1662015359036747008
1662015359078747904
1662015359123748864
1662015359165749760
1662015359207750656
1662015359246751488
1662015359294752512
1662015359336753408
1662015359381754368
1662015359423755264
1662015359462756096
1662015359504756992
1662015359546757888
1662015359588758784
1662015359630759680
1662015359675760640
1662015359714761472
1662015359756762368
1662015359798763264
1662015359843764224
1662015359888765184
1662015359927766016
1662015359969766912
1662015360011767808
1662015360053768704
1662015360098769664
1662015360143770624
1662015360185771520
1662015360230772480
1662015360275773440
1662015360320774400
1662015360371775488
1662015360413776384
1662015360452777216
1662015360503778304
1662015360542779136
1662015360590780160
1662015360635781120
1662015360680782080
1662015360722782976
1662015360767783936
1662015360812784896
1662015360863785984
1662015360905786880
1662015360947787776
1662015360989788672
1662015361037789696
1662015361079790592
1662015361121791488
1662015361169792512
1662015361214793472
1662015361259794432
1662015361301795328
1662015361346796288
1662015361394797312
1662015361436798208
1662015361478799104
1662015361520800000
1662015361571801088
1662015361613801984
1662015361658802944
1662015361700803840
1662015361751804928
1662015361793805824
1662015361838806784
1662015361880807680
1662015361922808576
1662015361967809536
1662015362012810496
1662015362054811392
1662015362099812352
1662015362144813312
1662015362189814272
1662015362234815232
1662015362279816192
1662015362321817088
1662015362363817984
1662015362408818944
1662015362444819712
1662015362480820480
1662015362522821376
1662015362567822336
1662015362612823296
1662015362654824192
1662015362702825216
1662015362744826112
1662015362792827136
1662015362840828160
1662015362885829120
1662015362927830016
1662015362969830912
1662015363014831872
1662015363056832768
1662015363098833664
1662015363140834560
1662015363185835520
1662015363230836480
1662015363269837312
1662015363311838208
1662015363353839104
1662015363401840128
1662015363446841088
1662015363494842112
1662015363536843008
1662015363581843968
1662015363623844864
1662015363665845760
1662015363716846848
1662015363758847744
1662015363800848640
1662015363842849536
1662015363884850432
1662015363926851328
1662015363971852288
1662015364016853248
1662015364061854208
1662015364106855168
1662015364151856128
1662015364196857088
1662015364241858048
1662015364283858944
1662015364325859840
1662015364370860800
1662015364421861888
1662015364469862912
1662015364508863744
1662015364556864768
1662015364601865728
1662015364643866624
1662015364685867520
1662015364730868480
1662015364778869504
1662015364823870464
1662015364865871360
1662015364904872192
1662015364946873088
1662015364991874048
1662015365042875136
1662015365087876096
1662015365129876992
1662015365177878016
1662015365225879040
1662015365267879936
1662015365315880960
1662015365357881856
1662015365399882752
1662015365441883648
1662015365483884544
1662015365525885440
1662015365570886400
1662015365612887296
1662015365657888256
1662015365696889088
1662015365741890048
1662015365783890944
1662015365828891904
1662015365870892800
1662015365915893760
1662015365960894720
1662015366002895616
1662015366050896640
1662015366092897536
1662015366137898496
1662015366179899392
1662015366224900352
1662015366266901248
1662015366314902272
1662015366359903232
1662015366407904256
1662015366449905152
1662015366503906304
1662015366545907200
1662015366590908160
1662015366635909120
1662015366680910080
1662015366722910976
1662015366773912064
1662015366818913024
1662015366863913984
1662015366914915072
1662015366959916032
1662015367004916992
1662015367046917888
1662015367091918848
1662015367145920000
1662015367190920960
1662015367232921856
1662015367274922752
1662015367319923712
1662015367364924672
1662015367409925632
1662015367451926528
1662015367496927488
1662015367538928384
1662015367583929344
1662015367628930304
1662015367667931136
1662015367712932096
1662015367757933056
1662015367799933952
1662015367841934848
1662015367880935680
1662015367922936576
1662015367970937600
1662015368012938496
1662015368054939392
1662015368099940352
1662015368144941312
1662015368183942144
1662015368228943104
1662015368273944064
1662015368315944960
1662015368360945920
1662015368402946816
1662015368453947904
1662015368495948800
1662015368537949696
1662015368579950592
1662015368627951616
1662015368672952576
1662015368723953664
1662015368768954624
1662015368816955648
1662015368861956608
1662015368900957440
1662015368948958464
1662015368990959360
1662015369035960320
1662015369077961216
1662015369119962112
1662015369158962944
1662015369200963840
1662015369242964736
1662015369284965632
1662015369329966592
1662015369377967616
1662015369419968512
1662015369461969408
1662015369509970432
1662015369560971520
1662015369602972416
1662015369641973248
1662015369686974208
1662015369725975040
1662015369770976000
1662015369809976832
1662015369854977792
1662015369896978688
1662015369935979520
1662015369977980416
1662015370022981376
1662015370064982272
1662015370103983104
1662015370151984128
1662015370196985088
1662015370238985984
1662015370280986880
1662015370322987776
1662015370373988864
1662015370415989760
1662015370457990656
1662015370502991616
1662015370547992576
1662015370592993536
1662015370640994560
1662015370682995456
1662015370724996352
1662015370775997440
1662015370820998400
1662015370862999296
1662015370908000256
1662015370950001152
1662015370995002112
1662015371040003072
1662015371085004032
1662015371133005056
1662015371172005888
1662015371214006784
1662015371256007680
1662015371298008576
1662015371340009472
1662015371385010432
1662015371430011392
1662015371478012416
1662015371526013440
1662015371571014400
1662015371616015360
1662015371661016320
1662015371703017216
1662015371742018048
1662015371781018880
1662015371826019840
1662015371865020672
1662015371913021696
1662015371958022656
1662015372003023616
1662015372045024512
1662015372087025408
1662015372129026304
1662015372177027328
1662015372216028160
1662015372258029056
1662015372303030016
1662015372345030912
1662015372384031744
1662015372438032896
1662015372483033856
1662015372525034752
1662015372570035712
1662015372615036672
1662015372660037632
1662015372702038528
1662015372747039488
1662015372792040448
1662015372834041344
1662015372876042240
1662015372915043072
1662015372960044032
1662015373005044992
1662015373047045888
1662015373089046784
1662015373134047744
1662015373179048704
1662015373227049728
1662015373278050816
1662015373323051776
1662015373368052736
1662015373416053760
1662015373464054784
1662015373512055808
1662015373557056768
1662015373590057472
1662015373635058432
1662015373677059328
1662015373722060288
1662015373770061312
1662015373812062208
1662015373854063104
1662015373896064000
1662015373941064960
1662015373986065920
1662015374028066816
1662015374070067712
1662015374112068608
1662015374157069568
1662015374199070464
1662015374244071424
1662015374292072448
1662015374334073344
1662015374373074176
1662015374415075072
1662015374460076032
1662015374511077120
1662015374553078016
1662015374595078912
1662015374643079936
1662015374697081088
1662015374742082048
1662015374784082944
1662015374823083776
1662015374868084736
1662015374913085696
1662015374958086656
1662015375003087616
1662015375045088512
1662015375087089408
1662015375129090304
1662015375180091392
1662015375225092352
1662015375276093440
1662015375315094272
1662015375360095232
1662015375402096128
1662015375453097216
1662015375498098176
1662015375549099264
1662015375591100160
1662015375636101120
1662015375678102016
1662015375720102912
1662015375765103872
1662015375813104896
1662015375858105856
1662015375903106816
1662015375948107776
1662015375996108800
1662015376038109696
1662015376080110592
1662015376119111424
1662015376167112448
1662015376209113344
1662015376257114368
1662015376305115392
1662015376347116288
1662015376392117248
1662015376434118144
1662015376479119104
1662015376524120064
1662015376569121024
1662015376614121984
1662015376656122880
1662015376707123968
1662015376752124928
1662015376803126016
1662015376848126976
1662015376893127936
1662015376938128896
1662015376980129792
1662015377028130816
1662015377073131776
1662015377115132672
1662015377154133504
1662015377196134400
1662015377238135296
1662015377286136320
1662015377337137408
1662015377379138304
1662015377424139264
1662015377466140160
1662015377514141184
1662015377556142080
1662015377604143104
1662015377649144064
1662015377694145024
1662015377739145984
1662015377781146880
1662015377823147776
1662015377868148736
1662015377907149568
1662015377949150464
1662015377991151360
1662015378036152320
1662015378081153280
1662015378120154112
1662015378165155072
1662015378207155968
1662015378249156864
1662015378285157632
1662015378327158528
1662015378366159360
1662015378408160256
1662015378456161280
1662015378495162112
1662015378546163200
1662015378591164160
1662015378636165120
1662015378684166144
1662015378726167040
1662015378768167936
1662015378813168896
1662015378855169792
1662015378894170624
1662015378936171520
1662015378978172416
1662015379023173376
1662015379065174272
1662015379107175168
1662015379149176064
1662015379194177024
1662015379236177920
1662015379278178816
1662015379323179776
1662015379365180672
1662015379419181824
1662015379461182720
1662015379500183552
1662015379542184448
1662015379584185344
1662015379629186304
1662015379680187392
1662015379722188288
1662015379767189248
1662015379812190208
1662015379854191104
1662015379896192000
1662015379941192960
1662015379989193984
1662015380037195008
1662015380082195968
1662015380130196992
1662015380175197952
1662015380220198912
1662015380265199872
1662015380313200896
1662015380355201792
1662015380397202688
1662015380439203584
1662015380481204480
1662015380526205440
1662015380568206336
1662015380616207360
1662015380658208256
1662015380706209280
1662015380760210432
1662015380805211392
1662015380853212416
1662015380895213312
1662015380937214208
1662015380982215168
1662015381027216128
1662015381078217216
1662015381120218112
1662015381162219008
1662015381204219904
1662015381246220800
1662015381288221696
1662015381333222656
1662015381378223616
1662015381423224576
1662015381468225536
1662015381513226496
1662015381558227456
1662015381600228352
1662015381639229184
1662015381681230080
1662015381723230976
1662015381768231936
1662015381816232960
1662015381861233920
1662015381903234816
1662015381945235712
1662015381990236672
1662015382038237696
1662015382086238720
1662015382134239744
1662015382182240768
1662015382230241792
1662015382278242816
1662015382323243776
1662015382365244672
1662015382407245568
1662015382458246656
1662015382500247552
1662015382545248512
1662015382581249280
1662015382623250176
1662015382662251008
1662015382713252096
1662015382755252992
1662015382797253888
1662015382839254784
1662015382878255616
1662015382923256576
1662015382965257472
1662015383007258368
1662015383052259328
1662015383097260288
1662015383145261312
1662015383193262336
1662015383238263296
1662015383277264128
1662015383319265024
1662015383364265984
1662015383409266944
1662015383454267904
1662015383496268800
1662015383541269760
1662015383583270656
1662015383631271680
1662015383676272640
1662015383718273536
1662015383763274496
1662015383808275456
1662015383850276352
1662015383892277248
1662015383934278144
1662015383985279232
1662015384024280064
1662015384066280960
1662015384108281856
1662015384153282816
1662015384198283776
1662015384246284800
1662015384288285696
1662015384336286720
1662015384381287680
1662015384423288576
1662015384465289472
1662015384507290368
1662015384558291456
1662015384603292416
1662015384642293248
1662015384687294208
1662015384732295168
1662015384789296384
1662015384831297280
1662015384879298304
1662015384921299200
1662015384963300096
1662015385005300992
1662015385047301888
1662015385089302784
1662015385131303680
1662015385176304640
1662015385218305536
1662015385263306496
1662015385305307392
1662015385347308288
1662015385392309248
1662015385434310144
1662015385476311040
1662015385518311936
1662015385563312896
1662015385608313856
1662015385653314816
1662015385710316032
1662015385755316992
1662015385797317888
1662015385839318784
1662015385884319744
1662015385929320704
1662015385974321664
1662015386022322688
1662015386061323520
1662015386103324416
1662015386145325312
1662015386187326208
1662015386229327104
1662015386274328064
1662015386322329088
1662015386370330112
1662015386412331008
1662015386457331968
1662015386502332928
1662015386547333888
1662015386595334912
1662015386637335808
1662015386688336896
1662015386733337856
1662015386778338816
1662015386820339712
1662015386868340736
1662015386916341760
1662015386961342720
1662015387003343616
1662015387048344576
1662015387093345536
1662015387141346560
1662015387186347520
1662015387228348416
1662015387282349568
1662015387330350592
1662015387366351360
1662015387408352256
1662015387447353088
1662015387489353984
1662015387534354944
1662015387579355904
1662015387627356928
1662015387669357824
1662015387714358784
1662015387759359744
1662015387804360704
1662015387858361856
1662015387900362752
1662015387945363712
1662015387987364608
1662015388029365504
1662015388071366400
1662015388119367424
1662015388164368384
1662015388209369344
1662015388251370240
1662015388293371136
1662015388332371968
1662015388374372864
1662015388419373824
1662015388464374784
1662015388506375680
1662015388548376576
1662015388593377536
1662015388644378624
1662015388689379584
1662015388731380480
1662015388776381440
1662015388818382336
1662015388860383232
1662015388905384192
1662015388944385024
1662015388992386048
1662015389040387072
1662015389082387968
1662015389124388864
1662015389163389696
1662015389205390592
1662015389247391488
1662015389295392512
1662015389337393408
1662015389382394368
1662015389424395264
1662015389466396160
1662015389508397056
1662015389556398080
1662015389598398976
1662015389643399936
1662015389682400768
1662015389724401664
1662015389766402560
1662015389814403584
1662015389859404544
1662015389904405504
1662015389940406272
1662015389979407104
1662015390021408000
1662015390072409088
1662015390120410112
1662015390162411008
1662015390210412032
1662015390255412992
1662015390300413952
1662015390342414848
1662015390384415744
1662015390429416704
1662015390468417536
1662015390510418432
1662015390555419392
1662015390597420288
1662015390639421184
1662015390684422144
1662015390726423040
1662015390771424000
1662015390813424896
1662015390855425792
1662015390897426688
1662015390936427520
1662015390978428416
1662015391020429312
1662015391062430208
1662015391104431104
1662015391152432128
1662015391194433024
1662015391236433920
1662015391278434816
1662015391326435840
1662015391371436800
1662015391416437760
1662015391461438720
1662015391503439616
1662015391545440512
1662015391587441408
1662015391632442368
1662015391677443328
1662015391722444288
1662015391764445184
1662015391806446080
1662015391848446976
1662015391890447872
1662015391932448768
1662015391974449664
1662015392019450624
1662015392070451712
1662015392112452608
1662015392160453632
1662015392202454528
1662015392247455488
1662015392289456384
1662015392334457344
1662015392379458304
1662015392424459264
1662015392469460224
1662015392520461312
1662015392562462208
1662015392607463168
1662015392652464128
1662015392694465024
1662015392739465984
1662015392784466944
1662015392829467904
1662015392877468928
1662015392916469760
1662015392955470592
1662015392997471488
1662015393054472704
1662015393102473728
1662015393147474688
1662015393192475648
1662015393240476672
1662015393282477568
1662015393324478464
1662015393372479488
1662015393423480576
1662015393468481536
1662015393510482432
1662015393552483328
1662015393597484288
1662015393642485248
1662015393690486272
1662015393732487168
1662015393771488000
1662015393819489024
1662015393864489984
1662015393906490880
1662015393948491776
1662015393993492736
1662015394038493696
1662015394089494784
1662015394131495680
1662015394173496576
1662015394218497536
1662015394260498432
1662015394302499328
1662015394347500288
1662015394392501248
1662015394434502144
1662015394479503104
1662015394521504000
1662015394566504960
1662015394608505856
1662015394653506816
1662015394698507776
1662015394746508800
1662015394788509696
1662015394833510656
1662015394878511616
1662015394923512576
1662015394965513472
1662015395010514432
1662015395061515520
1662015395097516288
1662015395139517184
1662015395181518080
1662015395223518976
1662015395274520064
1662015395316520960
1662015395367522048
1662015395409522944
1662015395454523904
1662015395499524864
1662015395550525952
1662015395589526784
1662015395631527680
1662015395679528704
1662015395724529664
1662015395766530560
1662015395814531584
1662015395856532480
1662015395898533376
1662015395943534336
1662015395991535360
1662015396036536320
1662015396078537216
1662015396126538240
1662015396168539136
1662015396216540160
1662015396264541184
1662015396309542144
1662015396357543168
1662015396399544064
1662015396447545088
1662015396492546048
1662015396540547072
1662015396582547968
1662015396627548928
1662015396675549952
1662015396720550912
1662015396765551872
1662015396807552768
1662015396852553728
1662015396894554624
1662015396939555584
1662015396987556608
1662015397020557312
1662015397068558336
1662015397116559360
1662015397161560320
1662015397203561216
1662015397248562176
1662015397287563008
1662015397332563968
1662015397377564928
1662015397416565760
1662015397458566656
1662015397503567616
1662015397545568512
1662015397584569344
1662015397632570368
1662015397677571328
1662015397722572288
1662015397767573248
1662015397815574272
1662015397860575232
1662015397905576192
1662015397953577216
1662015397995578112
1662015398040579072
1662015398085580032
1662015398130580992
1662015398172581888
1662015398217582848
1662015398259583744
1662015398301584640
1662015398349585664
1662015398391586560
1662015398436587520
1662015398481588480
1662015398523589376
1662015398568590336
1662015398613591296
1662015398655592192
1662015398700593152
1662015398742594048
1662015398793595136
1662015398835596032
1662015398883597056
1662015398928598016
1662015398967598848
1662015399009599744
1662015399054600704
1662015399102601728
1662015399150602752
1662015399198603776
1662015399240604672
1662015399282605568
1662015399330606592
1662015399375607552
1662015399423608576
1662015399465609472
1662015399507610368
1662015399552611328
1662015399591612160
1662015399636613120
1662015399678614016
1662015399723614976
1662015399765615872
1662015399819617024
1662015399867618048
1662015399921619200
1662015399960620032
1662015400005620992
1662015400050621952
1662015400098622976
1662015400140623872
1662015400182624768
1662015400227625728
1662015400272626688
1662015400311627520
1662015400353628416
1662015400404629504
1662015400446630400
1662015400488631296
1662015400530632192
1662015400575633152
1662015400617634048
1662015400665635072
1662015400710636032
1662015400752636928
